175 15225
4.52 7.08 9.38
475463
56 53 42 88 30 3 25 67 54 18 99 81 8 71 25 47 37 33 83 85 25 8 88 83 63 66 14 73 23 28 86 32 20 16 83 55 70 30 28 38 73 61 62 6 82 56 26 57 57 80 27 73 12 75 100 67 87 25 92 24 93 74 94 91 14 28 99 12 85 27 98 42 48 70 98 16 77 12 6 24 51 47 1 67 22 75 87 43 16 91 24 7 72 39 32 1 7 33 26 49 32 85 21 21 43 54 16 90 18 91 64 78 32 31 7 56 43 81 55 83 64 74 61 19 65 39 39 96 14 50 97 92 22 56 27 3 96 64 46 73 53 10 48 65 48 39 76 3 49 92 62 7 22 69 91 91 95 55 41 33 88 75 74 70 28 25 30 74 44 29 29 54 21 9 53 
0 21.45 4.32 22.32 20.61 13.06 28.25 3.09 13.64 27.58 4.37 14.49 20.16 11.36 22.4 15.07 1.62 13.38 26.93 15.44 12.68 13.72 17.92 17.73 30.32 21.11 23.71 21.28 13.76 12.23 30.63 10.8 22.2 4.21 28.36 8.8 2.83 10.99 8.86 12.32 23.78 21.8 31.24 20.16 16.38 21.76 5.73 14.1 22.07 16.77 8.39 27.98 12.26 29.92 16.56 13.09 24.68 18.32 23.73 8.9 23.05 27.62 5.96 20.51 23.57 6.43 24.84 11.38 19.48 17.1 2.66 16.2 12.61 27.41 15.56 5.21 3.66 26 14.07 1.53 19.55 26.4 4.41 16.85 17.02 17.85 12.24 9.7 11.66 10.8 8.41 12.11 5.65 22 28.14 22.79 20.45 11.09 21.17 11 11.01 16.43 18.83 8.99 8.16 14.01 2.07 31.86 28.86 11.88 11.07 17.52 22.29 15.87 15.02 6.1 3.01 14.21 28.89 13.4 11.26 3.38 21.18 24.41 23.22 20.93 28.87 21.2 19.54 6.25 16.22 23.3 23.28 22.96 27.76 25.01 15.32 20.76 18.47 7.5 8.34 25.53 14.56 18.74 22.8 8.61 27.01 22.38 15.11 22.13 20.72 15.67 13.26 28.31 6.74 26.14 25.24 13.7 20.48 4.06 23.89 12.43 7.54 23.46 18.09 18.04 5.96 10.25 8.78 8.53 12.73 28.13 15.64 20.65 20.81 
21.45 0 17.15 3.1 6.41 10.42 9.56 18.99 8.8 11.49 18.28 24.88 2 14.5 1.91 18.07 21.23 11.43 18.61 15.9 14.33 9.97 7.02 13.53 11.22 6.17 28.08 21.2 22.23 14.36 12.97 11.31 6.29 22.83 17.06 13.48 20.18 23.4 23.43 9.91 4.69 26.77 16.04 10.4 9.47 24.56 18.03 17.3 1.92 9.99 16.32 10.98 14.78 13.56 8.15 9.84 28.44 25.57 27.65 13.51 4.32 11.41 27.04 16.24 27 26.61 25.76 11.46 23.35 10.45 18.97 22.12 13.11 13.1 22.98 17.49 22.02 17.07 21.2 21.99 6.81 29.27 20.14 4.61 4.9 10.79 18.83 11.95 12.05 13.99 14.41 11.27 15.89 1.49 16.65 14.78 13.53 15.43 4.63 23.02 21.81 14.84 15.58 12.5 19.67 24.04 19.71 15.71 10.56 15.39 12.89 26.03 16.42 7.63 7.16 15.4 21.28 13.21 11.2 18.77 18.64 23.41 19.04 3.87 18.2 26.32 14.22 9.1 2.15 16.26 10.27 2.52 2.33 2.12 13.72 3.63 23.27 3.17 6.19 14.13 15.95 5.37 7.93 3.3 20.22 13.09 24.01 3.25 21.88 2.09 25.42 16.55 9.45 16.65 14.83 13.68 12.53 9.52 22.42 18.03 27.07 12.11 26.63 3.22 8.3 23.78 24.71 20.51 13.39 23.68 8.95 14.53 8.73 11.36 9.25 
4.32 17.15 0 18.15 16.72 9.41 24.27 2.22 9.66 23.88 2.54 15.18 15.92 8.81 18.16 13.55 4.5 9.53 24.31 13.31 9.45 9.64 13.73 14.34 26.33 16.9 23.51 19.84 13.7 9.01 26.82 6.57 17.99 6.96 25.33 5.21 3.53 11.91 10.32 8.07 19.66 21.62 27.76 16.77 12.83 21.03 4.61 12.44 17.76 12.86 5.61 24.18 9.16 26.25 12.8 8.92 24.4 18.45 23.43 5.38 18.94 23.9 10.16 18.1 23.14 10.24 23.91 7.71 18.82 13.24 2.24 15.72 9.07 23.92 15.43 2.64 6.11 23.23 13.63 4.9 15.37 26 5.16 12.57 12.7 14.04 11.23 5.61 7.76 7.35 5.26 8.55 1.37 17.68 25.07 19.93 17.54 8.14 17.12 11.76 11.29 13.99 16.42 4.67 7.96 14.51 2.62 28.27 24.94 9.67 7.88 17.95 19.76 11.96 10.93 1.78 4.7 10.77 25.04 12.25 10.27 6.91 19.27 20.2 20.93 20.79 25.39 17.18 15.22 2.86 12.32 19.06 18.97 18.65 24.31 20.71 15.32 16.6 14.25 3.21 6.12 21.37 10.54 14.42 20.95 4.64 25.38 18.21 14.72 17.9 20.38 13.69 9.05 25.23 2.8 22.83 21.85 9.54 19.44 2.54 23.42 8.63 10.91 19.14 14.4 17.73 9.03 10.13 5.12 10.2 8.56 24.76 11.53 16.87 17.24 
22.32 3.1 18.15 0 3.98 10.09 6.86 20.16 8.86 8.43 19.62 23.84 2.53 13.91 1.35 16.68 21.89 13.81 15.7 14.43 16.74 12.27 9.89 16.44 8.72 9.27 26.07 19.04 21.15 16.72 10.15 12.98 9.35 23.15 14 13.82 21.41 22.78 23.11 11.74 1.78 24.9 12.99 8 8.16 22.54 18.24 16.05 4.87 12.81 18.19 7.99 17.15 10.57 7.05 11.95 26.35 24.05 25.61 13.8 1.25 8.35 27.62 13.94 24.93 26.97 23.46 11.47 21.54 13.31 19.73 20.69 15.47 10.01 21.68 18.89 22.39 14.16 20.03 23.05 9.86 27.05 20.42 5.93 7.14 13.72 17.89 12.63 14.14 16.11 14.6 11.05 16.99 4.44 13.58 12.1 11.14 17.66 2.11 22.37 21.11 13.19 13.52 13.67 19.38 23.01 20.76 12.74 7.79 14.61 12.62 24.66 13.88 7.02 7.34 16.47 22.56 15.79 8.33 17.64 17.87 23.91 16.77 2.19 15.63 24.52 11.13 12.2 4.74 17.71 13.03 1.67 4.65 4.63 10.62 4.73 22.02 1.58 9.12 15.36 15.87 3.22 7.92 5.91 17.82 13.73 21.38 0.15 20.59 1.02 23.58 15.04 11.52 13.58 15.58 10.62 9.49 11.75 20.43 18.62 24.97 14.37 26.78 5.77 6.59 22.19 24.9 19.89 13.78 23.42 9.6 11.43 11.32 14.44 6.71 
20.61 6.41 16.72 3.98 0 7.63 7.68 18.88 7.06 7.36 18.58 20.25 4.7 10.88 5.21 12.93 19.93 14.64 12.35 10.67 17.47 13.07 11.93 18.28 9.74 12.23 22.09 15.06 17.56 17.35 10.12 12.78 12.56 20.79 11.27 11.82 20.18 19.5 20.1 11.88 4.18 20.94 11.69 4.05 4.82 18.56 15.88 12.42 8.34 14.54 17.98 7.5 17.8 9.76 4.13 12.47 22.37 20.21 21.63 11.74 3.63 7.35 25.45 9.97 20.95 24.57 19.51 9.26 17.6 15.12 17.95 16.9 16.17 8.06 17.95 17.98 20.09 10.82 16.39 21.55 12.38 23.08 18.07 6.51 8.49 15.7 14.44 11.12 14.48 16.37 12.38 8.62 15.75 7.91 10.87 8.37 7.19 18.05 1.89 19.09 17.8 9.35 9.55 12.71 16.47 19.44 19.31 11.89 8.25 11.38 10 20.87 10.02 4.76 6.02 15.22 21.35 16.88 8.32 14.07 14.55 21.71 12.81 5.79 11.79 20.57 9.46 15.01 7.1 16.91 14.61 5.65 8.44 8.35 8.61 8.71 18.31 3.24 11.32 14.38 13.28 6.06 6.21 8 13.89 12.09 17.6 3.89 16.88 4.79 19.63 11.25 12.03 10.92 13.97 7.93 6.74 12.47 16.46 16.67 20.99 14.96 24.16 9.51 3 18.32 22.36 16.67 11.83 20.45 8.41 9.3 12.68 16.99 2.83 
13.06 10.42 9.41 10.09 7.63 0 15.31 11.62 1.88 14.53 11.57 14.66 8.58 4.11 10.61 8.63 12.31 10.96 15.63 6.92 13.16 9.72 11.33 15.98 17.37 13.47 19.52 13.66 12.08 12.87 17.58 7.63 14.32 13.2 16.16 4.27 12.94 12.99 13.08 7.64 11.23 17.91 18.35 7.41 3.43 16.23 8.28 7.6 11.83 12.65 12.05 14.92 13.28 16.89 3.52 8.76 20.13 15.96 19.21 4.17 10.53 14.57 17.83 10.12 18.69 17 18.33 1.7 14.5 13.27 10.4 12.49 11.97 14.52 13.1 11.13 12.48 14.37 11.18 14.09 12.64 21.35 10.47 6.46 8.14 14.09 8.61 4.17 9.94 11.39 4.75 0.99 8.66 11.55 15.87 11.07 8.72 13.06 8.51 12.61 11.41 6.61 8.64 6.31 9.33 13.81 11.92 18.87 15.85 5.12 2.53 16.19 11.42 3.08 3.36 8.15 14.1 13.3 15.85 8.78 8.3 14.08 12.19 12.28 12.94 17.28 15.99 15.33 9.28 10.25 12.41 11.45 12.7 12.44 14.91 13.95 13.31 8.54 11.24 7.72 5.79 13.11 2.53 9.19 13.81 4.84 18.3 10.11 12.02 10.24 16.52 7.57 8.43 16.01 6.61 13.48 12.46 9.14 14.17 9.06 18.85 10.77 16.71 13.36 5.03 14.4 14.86 10.09 4.32 13.36 3.22 15.38 10.52 16.4 7.83 
28.25 9.56 24.27 6.86 7.68 15.31 0 26.39 14.63 3.65 26 26.89 9.39 18.37 7.68 19.42 27.6 20.68 13.29 17.23 23.6 19.13 16.58 23.08 2.07 15.36 26.67 19.58 24.25 23.58 3.46 19.67 15.12 28.44 10.41 19.48 27.69 26.64 27.48 18.51 5.08 25.94 7.23 9.74 12.33 23.28 23.54 19.18 10.82 19.54 24.92 2.5 24.01 4.59 11.8 18.79 26.68 26.05 26.13 19.41 5.71 3.49 33.12 14.6 25.39 32.2 23.27 16.93 22.93 20.01 25.6 23.07 22.33 5.95 24.3 25.34 27.75 11.98 23.02 29.15 16.29 26.93 25.73 12.69 14.01 20.34 21.47 18.66 20.97 22.93 20.05 16.29 23.23 10.46 10.02 11.58 12.01 24.51 7.21 26.22 24.93 15.76 14.98 20.05 23.95 26.13 26.89 6.5 1.04 18.72 17.65 26.95 13.66 12.39 13.38 22.71 28.85 22.64 1.93 20.88 21.73 29.38 17.2 5.79 15.07 25.78 6.26 18.29 11.51 24.2 19.8 7.08 9.95 10.12 6.47 8.64 24.72 8.1 15.76 21.75 20.91 4.31 13.73 12.71 17.64 19.68 20 6.74 23.29 7.64 24.79 17.69 18.35 9.9 21.56 7.76 7.2 18.6 21.38 24.33 25.34 21.22 31.73 10.97 10.49 24.1 29.97 23.92 19.49 27.87 15.79 7.24 18.16 20.68 8.46 
3.09 18.99 2.22 20.16 18.88 11.62 26.39 0 11.81 26.07 1.31 16.26 17.87 10.91 20.1 15.43 4.05 10.33 26.47 15.35 9.61 10.75 14.99 14.66 28.44 18.2 25.01 21.73 15.08 9.16 28.99 7.98 19.3 6.85 27.54 7.43 1.32 12.85 10.97 9.5 21.71 23.1 29.97 18.99 15.05 22.71 6.1 14.35 19.46 13.72 5.35 26.36 9.21 28.45 14.99 10.18 25.93 19.8 24.96 7.59 20.99 26.09 9.01 20.21 24.72 9.5 25.66 9.93 20.46 14.03 2.68 17.27 9.52 26.14 16.85 2.13 6.09 25.41 15.15 3.05 16.61 27.58 5.88 14.46 14.38 14.77 12.92 7.75 8.63 7.72 7.43 10.77 3.17 19.42 27.29 22.13 19.74 8.05 19.21 12.77 12.49 16.1 18.53 6.52 9.27 15.67 1.03 30.47 27.08 11.7 10.08 19.17 21.91 14.13 13.02 3.69 2.48 11.12 27.2 14 11.94 6.34 21.29 22.18 23.03 22.25 27.61 18.17 17 3.2 13.16 20.99 20.7 20.38 26.53 22.49 16.69 18.63 15.59 4.87 8.09 23.38 12.68 16.12 22.96 6.83 27.34 20.23 16.23 19.86 21.91 15.69 10.39 27.44 5.01 25.06 24.07 10.77 21.21 3.9 25.01 9.36 10.51 20.79 16.61 19.24 8.8 11.47 7.34 10.75 10.63 26.98 12.67 17.57 19.45 
13.64 8.8 9.66 8.86 7.06 1.88 14.63 11.81 0 14.31 11.55 16.49 7.07 5.93 9.21 10.5 13.08 9.52 16.56 8.71 11.93 8.17 9.48 14.36 16.69 11.59 21.35 15.33 13.94 11.68 17.18 6.53 12.44 14.3 16.73 4.97 13.12 14.7 14.64 6.23 10.19 19.76 18.39 7.85 3.98 18.02 9.39 9.48 10.09 10.93 11.39 14.55 12.11 16.7 3.37 7.26 21.93 17.85 21.03 4.94 9.47 14.32 18.77 11.47 20.48 18.11 20.02 2.67 16.33 11.55 11 14.38 10.68 14.59 14.98 10.98 13.53 15.21 13.06 14.51 10.76 23.11 11.56 4.63 6.26 12.36 10.46 4.06 8.71 10.33 5.75 2.53 8.69 9.84 16.4 11.98 9.73 12.03 7.54 14.33 13.16 8.26 10.1 5.79 10.88 15.64 12.26 18.77 15.28 6.98 4.14 18.07 12.6 2.33 1.63 8.16 14.29 11.89 15.39 10.66 10.11 15.05 13.73 11.03 14.21 19.14 16.05 13.46 7.5 9.96 10.73 10.08 11.03 10.76 15.04 12.38 15.18 7.28 9.37 7.41 7.17 12.01 0.94 7.34 15.31 5.05 19.74 8.9 13.9 8.86 18.37 9.37 6.89 16.52 6.93 13.81 12.72 7.57 15.94 9.8 20.64 9.46 17.97 11.62 5.04 16.27 16.08 11.82 4.94 14.88 1.76 15.59 8.8 14.59 7.95 
27.58 11.49 23.88 8.43 7.36 14.53 3.65 26.07 14.31 0 25.85 24.47 10.7 16.95 9.6 17.07 26.74 21.74 9.67 15.01 24.63 20.17 18.28 24.82 4.7 17.62 23.4 16.41 21.91 24.54 3.3 20.12 17.57 27.24 6.78 18.81 27.39 24.61 25.71 19.16 6.82 22.8 4.57 7.78 11.22 20.1 22.46 17.01 13.09 21.14 25.34 1.19 24.99 2.4 11.08 19.66 23.36 23.23 22.85 18.7 7.19 0.16 32.02 11.64 22.11 30.91 19.85 16.23 19.95 21.67 24.93 20.44 23.33 2.3 21.74 25.29 26.62 8.4 20.66 28.63 18.29 23.51 24.6 13.54 15.24 22.12 19.43 18.35 21.74 23.66 19.2 15.47 22.99 12.68 6.38 8.41 9.32 25.32 7.81 24.2 22.92 13.51 12.31 20.04 22.38 23.75 26.43 4.54 3.07 17.07 16.6 24.22 10.47 11.98 13.37 22.46 28.56 23.88 2.25 18.7 19.83 28.3 14.06 8.23 11.72 22.71 2.85 20.57 13.12 24.24 21.32 9.28 12.48 12.58 2.83 11.52 22.19 9.15 17.53 21.69 19.74 7.01 13.51 14.26 14.33 19.24 16.42 8.29 20.8 9.41 21.73 15.37 19.21 6.27 21.09 4.2 3.87 19.58 18.3 23.56 22.03 22.14 30.24 13.58 9.5 21.27 28.59 22.04 18.85 26.13 15.75 3.63 19.5 22.85 6.83 
4.37 18.28 2.54 19.62 18.58 11.57 26 1.31 11.55 25.85 0 17.36 17.27 11.32 19.48 16.09 5.36 9.15 26.74 15.84 8.31 9.67 13.95 13.37 28.03 17.17 25.93 22.38 16.05 7.87 28.7 7.09 18.26 8.15 27.65 7.54 1.99 13.98 12.18 8.6 21.22 24.03 29.86 18.97 14.99 23.52 6.98 14.97 18.64 12.55 4.04 26.08 7.9 28.25 14.82 9.17 26.83 20.79 25.86 7.72 20.5 25.87 10.23 20.58 25.59 10.79 26.42 9.9 21.29 12.83 3.79 18.15 8.27 26.04 17.8 0.89 7.38 25.62 16.05 4.09 15.55 28.46 7.03 13.82 13.57 13.56 13.72 7.52 7.49 6.46 7.73 10.78 2.91 18.63 27.38 22.32 19.93 6.74 18.79 13.88 13.53 16.48 18.91 5.96 10.25 16.74 2.34 30.3 26.72 12.21 10.28 20.21 22.22 13.88 12.63 3.42 3.01 9.85 26.89 14.76 12.75 7.65 21.8 21.59 23.43 23.19 27.51 17.01 16.24 2.11 11.98 20.37 19.9 19.58 26.45 21.72 17.67 18.12 14.58 4.26 8.66 22.83 12.37 15.31 23.48 6.73 27.92 19.69 17.13 19.26 22.81 16.22 9.41 27.53 5.07 25.05 24.03 9.74 21.95 4.78 25.88 8.18 11.83 19.94 16.46 20.15 10.11 12.45 7.41 11.98 10.22 26.94 11.6 16.34 19.34 
14.49 24.88 15.18 23.84 20.25 14.66 26.89 16.26 16.49 24.47 17.36 0 22.94 10.57 24.7 7.47 12.88 23.25 18.82 9.69 24.17 22.61 25.48 28.53 28.75 27.98 9.63 10.37 2.7 23.74 27.74 19.49 28.88 10.59 21.65 13.52 16.9 3.5 5.77 20.42 24.43 7.8 26.3 17.17 15.68 8.79 10.62 7.84 26.43 25.99 20.75 25.39 23.98 26.22 16.86 21.63 10.66 4.16 9.79 13.34 23.84 24.58 13.84 13.2 9.84 11.84 11.95 14.18 6.82 26.54 13.59 4.33 23.44 23.12 2.92 17.76 10.89 18.68 3.88 15.98 26.95 12.45 10.4 21.11 22.67 27.4 6.07 15.46 21.62 21.99 12.44 14 15.95 26.13 21.64 16.56 15.15 23.13 21.85 3.51 3.93 11.14 12.2 17.02 7.27 0.85 15.53 27.45 27 9.55 12.48 3.09 14.88 17.25 18.01 15.87 17.45 25.13 26.53 6.2 6.41 11.95 11.81 25.93 14.66 6.94 24.27 29.48 23.93 17.99 25.59 25.43 27.21 26.97 23.13 28.23 2.43 22.46 25.57 16.93 10.5 26.32 17.18 23.84 12.78 14.72 15.61 23.81 3.7 24.28 7.08 9.2 21.49 21.87 14.42 21.12 20.82 22.2 8.61 12.66 10.19 22.6 10.12 27.94 17.32 4.87 9.91 5.24 13.73 6.21 17.24 23.07 24.05 30.07 18.5 
20.16 2 15.92 2.53 4.7 8.58 9.39 17.87 7.07 10.7 17.27 22.94 0 12.62 2.24 16.08 19.83 11.29 17.04 13.9 14.21 9.74 7.6 14.13 11.25 7.54 26.09 19.25 20.28 14.19 12.63 10.51 7.86 21.28 15.75 11.9 19.1 21.54 21.65 9.24 4.31 24.78 15.27 8.56 7.47 22.58 16.42 15.32 3.83 10.44 15.7 10.38 14.63 12.93 6.16 9.42 26.47 23.57 25.67 11.91 3.7 10.64 25.62 14.33 25.02 25.08 23.84 9.74 21.35 10.97 17.62 20.13 12.94 12.05 21 16.52 20.49 15.5 19.23 20.81 7.81 27.32 18.56 3.47 4.63 11.44 16.89 10.52 11.62 13.58 12.78 9.47 14.71 3.43 15.34 13.04 11.66 15.13 3.13 21.15 19.92 12.84 13.63 11.35 17.89 22.09 18.52 15.12 10.3 13.47 11.09 24.05 14.59 5.7 5.44 14.21 20.23 13.3 10.8 16.8 16.73 21.94 17.11 4.32 16.38 24.32 13.28 10.36 2.49 15.31 10.62 3.13 4.32 4.12 12.65 5.37 21.29 1.61 6.88 13.03 14.23 5.63 6.16 3.57 18.34 11.65 22.21 2.65 19.9 2 23.42 14.55 8.99 15.36 13.46 12.36 11.18 9.22 20.44 16.59 25.1 11.83 25.02 5.21 6.33 21.79 23.11 18.64 11.83 21.92 7.48 13.42 8.85 12.44 7.5 
11.36 14.5 8.81 13.91 10.88 4.11 18.37 10.91 5.93 16.95 11.32 10.57 12.62 0 14.56 5.38 10.2 13.7 15.63 4.55 15.35 12.74 15.07 18.96 20.41 17.44 16.28 11.36 8.05 14.99 20.18 9.98 18.33 10.31 17.01 4.24 12.13 8.92 9.24 10.52 14.84 14.54 20.18 9.21 6.07 13.25 5.74 4.21 15.94 15.96 13.13 17.55 15.34 19.16 6.9 11.74 17 12.19 16.05 4.01 14.17 17.01 15.12 9.3 15.61 13.96 15.77 3.72 11.26 16.56 8.89 8.8 14.34 16.41 9.21 11.19 9.75 14.65 7.24 12.68 16.48 18.4 7.75 10.55 12.11 17.41 4.57 5.73 12.32 13.3 3.65 3.43 8.66 15.66 16.8 11.43 9.1 14.81 12.12 8.53 7.31 5.19 7.62 7.84 5.59 9.72 10.84 20.94 18.77 1.21 2.02 12.28 11.02 6.95 7.47 8.28 13.2 15.89 18.59 4.94 4.19 11.45 10.52 16.08 12.13 13.83 17.84 19.09 13.4 10.71 15.64 15.37 16.79 16.54 16.69 17.98 9.37 12.41 15.09 8.58 3.02 16.75 6.65 13.27 12.21 5.52 16.69 13.9 8.17 14.17 13.17 5.02 11.51 16.98 6.43 14.95 14.14 12.23 11.35 7.39 15.82 13.27 13.36 17.47 7.92 10.81 11.66 6.02 4.45 9.58 6.76 16.98 13.91 19.92 10.14 
22.4 1.91 18.16 1.35 5.21 10.61 7.68 20.1 9.21 9.6 19.48 24.7 2.24 14.56 0 17.64 22.06 13.13 17.05 15.41 16.05 11.63 8.9 15.43 9.39 8.03 27.24 20.25 22.02 16.06 11.07 12.66 8.05 23.47 15.33 14.1 21.33 23.48 23.69 11.33 2.79 26.04 14.14 9.25 9.04 23.71 18.59 16.96 3.55 11.86 17.79 9.07 16.49 11.65 7.84 11.41 27.55 25.07 26.79 14.1 2.47 9.51 27.84 15.18 26.12 27.28 24.72 11.87 22.65 12.34 19.85 21.68 14.8 11.27 22.63 18.72 22.68 15.51 20.92 23.05 8.72 28.28 20.75 5.66 6.49 12.69 18.69 12.75 13.62 15.58 14.95 11.54 16.95 3.12 14.91 13.43 12.4 17.07 3.32 23.08 21.83 14.23 14.69 13.58 19.94 23.86 20.76 13.8 8.66 15.34 13.14 25.63 15.18 7.61 7.61 16.44 22.45 15 9.29 18.52 18.61 24.15 18.01 2.16 16.94 25.63 12.35 10.97 3.86 17.51 12.12 0.9 3.31 3.28 11.89 3.59 22.95 2.25 8.09 15.25 16.33 3.59 8.28 5.05 19.09 13.88 22.7 1.49 21.53 0.43 24.71 16.04 10.99 14.9 15.69 11.96 10.83 11.14 21.59 18.81 26.17 13.75 27.18 4.42 7.6 23.23 25.28 20.58 14.03 23.98 9.71 12.7 10.52 13.25 7.99 
15.07 18.07 13.55 16.68 12.93 8.63 19.42 15.43 10.5 17.07 16.09 7.47 16.08 5.38 17.64 0 13.61 19.04 12.67 2.26 20.73 18.01 19.96 24.27 21.28 22.01 10.97 6.3 4.85 20.36 20.36 15.35 22.8 12.63 14.98 9.57 16.51 7.79 9.39 15.81 17.11 9.3 19.22 9.7 8.63 7.87 9.46 1.17 19.77 21.15 18.35 17.96 20.71 18.91 9.92 17.02 11.65 7.5 10.71 9.34 16.55 17.17 17.23 6.34 10.24 15.6 10.46 8.89 5.92 21.75 13.01 4.05 19.71 15.85 5.02 16.11 12.39 12.15 3.6 16.55 21.26 13.02 10.77 14.86 16.71 22.59 3.04 11.1 17.69 18.67 8.81 8.34 13.69 19.42 14.89 9.51 7.81 20.16 14.62 7.38 6.2 3.67 4.99 13.21 7.2 6.71 15.12 20.28 19.54 4.2 7.3 7.99 8.19 10.58 11.75 13.37 17.45 21.25 19.09 1.93 3.92 14.03 6.18 18.69 8.59 8.65 17.08 23.96 17.44 15.8 20.86 18.31 20.4 20.19 15.92 21.23 5.39 15.4 19.86 13.86 7.44 18.97 10.95 17.58 7.75 10.87 11.96 16.63 3.95 17.21 7.91 1.73 16.75 15.11 11.55 13.94 13.51 17.48 6.01 11.58 10.45 18.64 14.41 21.24 10.09 5.8 13.21 5.77 9.78 9.9 11.74 15.95 19.05 25 11.04 
1.62 21.23 4.5 21.89 19.93 12.31 27.6 4.05 13.08 26.74 5.36 12.88 19.83 10.2 22.06 13.61 0 13.97 25.65 14.1 13.57 14.13 18.22 18.58 29.66 21.37 22.1 19.77 12.15 13.12 29.85 11.06 22.45 2.81 27.2 8.13 4.2 9.38 7.28 12.53 23.27 20.18 30.27 19.2 15.53 20.17 4.47 12.68 21.99 17.32 9.37 27.2 13.2 29.05 15.82 13.42 23.07 16.7 22.12 8.19 22.55 26.79 5.81 19.2 21.97 5.74 23.27 10.66 17.89 17.69 2.32 14.61 13.37 26.46 13.95 6.1 2.12 24.78 12.48 3.13 19.86 24.79 2.86 16.63 17 18.48 10.73 9.31 12.21 11.58 7.57 11.33 5.86 21.88 27 21.61 19.29 12.07 20.62 9.39 9.39 15.16 17.54 8.99 6.59 12.4 3.06 30.94 28.16 10.61 10.14 15.91 21.01 15.23 14.55 6.21 4.58 15.02 28.14 11.9 9.76 2.42 19.75 24.02 21.87 19.31 27.91 21.67 19.41 6.95 16.78 22.96 23.17 22.85 26.77 24.84 13.7 20.32 18.71 7.68 7.19 25.07 14.02 18.69 21.35 8.18 25.52 21.94 13.51 21.77 19.11 14.29 13.54 27.18 6.4 25.1 24.24 14.04 18.93 3.28 22.28 13.04 6.53 23.42 17.28 16.44 4.76 8.66 8.15 6.97 12.36 27.12 16.03 21.3 19.93 
13.38 11.43 9.53 13.81 14.64 10.96 20.68 10.33 9.52 21.74 9.15 23.25 11.29 13.7 13.13 19.04 13.97 0 25.9 17.7 2.92 1.57 5.26 5.3 22.5 8.37 29.98 24.57 21.16 2.93 23.91 3.79 9.44 16.49 25.63 9.82 11.1 20.45 19.33 3.33 15.59 28.23 26.24 16.94 13.4 26.89 13.08 17.89 11.05 3.4 5.72 21.57 3.36 24.06 12.43 2.28 30.69 25.7 29.74 10.03 14.98 21.7 19.33 20.99 29.28 19.69 29.2 10.2 24.95 3.72 11.77 22.42 1.68 22.7 22.62 8.26 15.63 24.49 20.64 13.24 6.7 32.04 14.43 8.2 6.67 4.51 17.91 8.01 1.77 2.97 10.86 10.89 8.23 11.18 25.27 21.35 19.19 4.07 13.93 20.2 19.37 17.56 19.58 6.24 16.17 22.47 11.32 26.25 21.59 14.91 11.74 25.56 22.11 11.18 9.33 8.03 11.92 2.37 22.06 18.55 17.19 16.39 23.16 15.25 23.74 27.51 24.07 7.87 9.3 7.14 2.84 13.9 12.32 12.01 23.25 14.25 22.68 12.69 6.06 6.64 12.77 16.72 9.73 8.13 24.77 8.56 29.24 13.93 21.67 13.09 26.87 18.32 2.7 25.36 8.97 22.44 21.26 2.17 24.91 11.7 29.49 0.98 20.44 12.01 13.94 24.46 18.56 18.02 9.61 19.32 7.81 23.93 2.89 7.34 16.62 
26.93 18.61 24.31 15.7 12.35 15.63 13.29 26.47 16.56 9.67 26.74 18.82 17.04 15.63 17.05 12.67 25.65 25.9 0 11.59 28.46 24.43 24.12 30.22 14.21 24.58 14.82 8.76 16.78 28.23 11.97 23.08 24.86 25.13 3.46 19.22 27.73 20.25 22.04 22.71 14.75 14.72 8.72 9.02 12.58 12 21.22 13.28 20.5 26.51 27.68 10.85 28.66 9.98 13.47 23.62 14.54 16.26 14.23 19.03 14.71 9.82 29.83 6.48 13.51 28.25 10.85 17.09 12.7 27.12 24.51 14.49 27.19 7.39 15.9 26.46 24.78 1.54 15.63 28.29 24.7 14.35 22.96 18.42 20.56 27.78 15.69 19.75 25.25 26.88 19.05 16.19 23.91 20.06 3.7 4.58 6.91 28.58 13.99 19.87 18.79 10.5 8.12 21.93 19.69 18.32 26.47 10.14 12.72 15.05 16.46 17.51 4.65 14.72 16.57 23.45 28.82 28.27 11.81 14.6 16.48 26.47 7.01 16.55 4.18 14.89 7.64 27.35 19.45 25.73 26.49 17.14 20.34 20.33 6.96 19.99 16.39 15.51 23.58 23.27 18.61 15.78 16.2 20.31 6.25 20.2 6.86 15.56 15.27 16.69 13.96 11.51 23.21 3.9 21.68 5.58 6.44 23.8 10.78 23.01 13.34 25.96 27.08 21.47 12.01 14.49 25.86 18.44 19.36 22.55 18.32 6.34 24.5 29.29 9.67 
15.44 15.9 13.31 14.43 10.67 6.92 17.23 15.35 8.71 15.01 15.84 9.69 13.9 4.55 15.41 2.26 14.1 17.7 11.59 0 19.62 16.56 18.17 22.83 19.13 20.06 12.65 6.92 7.02 19.28 18.31 14.12 20.8 13.56 13.51 8.74 16.53 9.63 10.95 14.41 14.84 11.11 17.43 7.5 6.44 9.32 9.71 2.01 17.63 19.56 17.64 15.85 19.65 16.94 7.76 15.58 13.23 9.67 12.32 8.51 14.29 15.11 18.31 5.11 11.78 16.82 11.5 7.52 7.66 20.18 13.14 6.27 18.53 13.92 7.28 15.73 13.19 10.84 5.8 16.85 19.39 14.43 11.37 12.88 14.81 21 4.49 9.99 16.49 17.65 8.2 6.82 13.21 17.27 13.37 7.9 5.91 19.21 12.37 9.21 7.96 1.5 3.49 12.2 8.15 8.9 15.19 18.42 17.39 3.65 6.14 10.23 6.96 8.5 9.82 12.84 17.55 19.99 16.98 3.69 5.08 14.88 5.98 16.43 7.78 10.55 15.22 22.13 15.37 15.26 19.32 16.06 18.22 18.02 14.05 19 7.65 13.17 18.01 13.09 7.27 16.71 9.04 15.58 7.66 9.97 12.14 14.37 6.21 14.98 9.72 0.67 15.28 13.58 10.98 12.11 11.58 16 7.26 11.65 11.94 17.39 15.81 19.09 7.84 7.89 14.42 7.23 8.93 11.42 10.12 14.15 17.44 23.3 8.82 
12.68 14.33 9.45 16.74 17.47 13.16 23.6 9.61 11.93 24.63 8.31 24.17 14.21 15.35 16.05 20.73 13.57 2.92 28.46 19.62 0 4.48 7.86 5.07 25.42 10.75 31.54 26.54 22.3 0.45 26.83 5.54 11.76 16.28 28.35 11.21 10.06 21.12 19.72 5.76 18.52 29.73 29.11 19.58 15.89 28.6 13.64 19.56 13.85 5.31 4.31 24.47 0.55 26.96 15.03 5 32.31 26.96 31.34 11.43 17.91 24.59 18.45 23.27 30.93 19.1 31.08 12.14 26.56 5.31 11.59 23.83 1.31 25.54 23.87 7.49 15.46 27.08 21.92 12.21 9.09 33.74 14.6 11.09 9.59 5.81 19.24 9.65 3.23 2.18 12.11 12.92 8.37 14.01 28 23.89 21.66 1.73 16.83 20.92 20.24 19.65 21.79 7.52 16.93 23.43 10.64 29.15 24.52 16.53 13.51 26.69 24.51 13.78 11.96 8.35 10.66 1.71 24.98 20.01 18.42 15.93 25.29 18.16 26.08 28.97 26.92 9.61 12.21 6.66 4.77 16.81 15.11 14.8 26.08 17.04 23.87 15.61 8.7 7.24 13.91 19.63 12.26 11.02 26.93 9.9 31.44 16.86 22.98 16.01 28.39 20.19 5.45 28.09 9.76 25.21 24.04 5.04 26.7 11.9 31.16 2.53 20.09 14.72 16.59 25.88 18.31 18.94 10.99 19.63 10.17 26.75 5.65 8.37 19.34 
13.72 9.97 9.64 12.27 13.07 9.72 19.13 10.75 8.17 20.17 9.67 22.61 9.74 12.74 11.63 18.01 14.13 1.57 24.43 16.56 4.48 0 4.3 6.27 20.97 7.51 28.98 23.38 20.42 4.45 22.35 3.25 8.6 16.51 24.1 9.09 11.66 19.95 19 2.22 14.05 27.26 24.66 15.44 11.97 25.81 12.75 16.88 9.71 3.41 6.68 20 4.88 22.49 10.96 1 29.66 24.86 28.72 9.28 13.43 20.12 19.68 19.64 28.23 19.88 28.03 9.12 23.94 3.93 11.86 21.52 3.2 21.13 21.81 8.78 15.64 23 19.82 13.75 5.88 30.96 14.28 6.63 5.15 4.8 17.09 7.18 2.29 4.1 10.17 9.74 8.28 9.82 23.73 19.89 17.76 5.46 12.36 19.68 18.78 16.33 18.27 5.74 15.67 21.81 11.69 24.68 20.04 13.94 10.74 24.79 20.71 9.71 7.86 7.99 12.58 3.86 20.5 17.65 16.41 16.55 21.88 13.76 22.36 26.56 22.5 7.55 7.83 7.58 2.98 12.42 11 10.68 21.68 12.92 21.89 11.13 4.99 6.53 12.11 15.22 8.3 6.67 23.47 7.9 27.92 12.39 20.82 11.57 25.89 17.19 1.29 23.81 8.63 20.89 19.71 0.62 23.8 11.59 28.42 2.14 20.5 10.77 12.44 23.54 18.58 17.41 8.88 19.03 6.51 22.37 1.93 7.53 15.08 
17.92 7.02 13.73 9.89 11.93 11.33 16.58 14.99 9.48 18.28 13.95 25.48 7.6 15.07 8.9 19.96 18.22 5.26 24.12 18.17 7.86 4.3 0 6.55 18.22 3.22 30.82 24.62 23.08 8.01 19.97 7.16 4.31 20.45 23.19 12.15 15.94 23.15 22.47 5.71 11.62 29.24 22.85 15.18 12.5 27.47 16.32 18.92 6.13 2.98 10.91 17.88 8.38 20.46 11.23 4.83 31.39 27.23 30.49 12.3 11.14 18.21 23.86 20.27 29.94 23.95 29.33 11.36 25.81 3.44 15.91 23.78 6.83 19.64 24.28 13.06 19.58 22.61 22.31 18.01 1.64 32.53 18.06 5.77 3.61 3.84 19.62 10.21 6.56 8.21 13.26 11.71 12.36 6.36 22.79 19.8 17.97 9.28 10.67 22.84 21.81 17.6 19.15 9.41 18.93 24.64 15.92 22.63 17.56 16.23 13.07 27.35 21 10.08 8.43 12.01 16.87 6.47 18.18 19.98 19.1 20.62 22.82 10.86 22.75 28.61 20.88 4.02 5.16 11.85 3.32 9.52 7.35 7.06 20.23 9.26 24.44 9.2 0.87 10.54 15.18 12.37 9.16 4.03 24.28 11.17 28.53 10.03 23.22 8.98 27.84 18.84 4.68 22.83 12.31 19.83 18.64 4.23 25.37 15.47 30.09 6.17 24.44 6.87 12.32 25.71 22.5 20.43 11.98 22.57 8.31 21 2.41 5.27 14.45 
17.73 13.53 14.34 16.44 18.28 15.98 23.08 14.66 14.36 24.82 13.37 28.53 14.13 18.96 15.43 24.27 18.58 5.3 30.22 22.83 5.07 6.27 6.55 0 24.66 8.21 35.23 29.64 26.46 5.5 26.5 9.09 8.94 21.25 29.54 15.12 15.13 25.66 24.44 8.46 18.17 33.5 29.39 21.2 18.01 32.08 18.24 23.13 12.41 3.74 9.38 24.43 5.52 27.01 16.9 7.26 35.92 31 34.97 15.33 17.69 24.75 23.52 25.78 34.5 24.16 34.3 15.38 30.19 3.17 16.53 27.71 5.27 26.13 27.92 12.53 20.41 28.74 25.94 17.27 6.89 37.23 19.42 11.84 9.79 2.74 23.21 13.3 6.92 7 16.16 16.02 13.14 12.71 29.15 25.77 23.75 6.74 17.16 25.43 24.64 22.58 24.46 11.52 21.4 27.75 15.69 29.18 24.08 20.17 16.98 30.86 26.74 15.66 13.83 13.03 15.7 3.57 24.72 23.84 22.49 20.96 28.1 17.32 28.43 32.78 27.4 5.95 11.71 11.63 3.73 16 13.51 13.25 26.72 15.32 27.98 15.71 7.34 11.74 18.06 18.83 14.38 10.57 29.67 13.86 34.07 16.58 26.96 15.53 32.12 23.46 7.55 29.21 14.18 26.22 25.02 6.84 30.07 16.69 34.69 5.94 25.11 12.78 18.23 29.74 23.3 23.29 14.91 24.39 12.76 27.47 5.73 3.9 20.64 
30.32 11.22 26.33 8.72 9.74 17.37 2.07 28.44 16.69 4.7 28.03 28.75 11.25 20.41 9.39 21.28 29.66 22.5 14.21 19.13 25.42 20.97 18.22 24.66 0 16.76 28.1 21.08 26.12 25.42 2.73 21.64 16.41 30.5 11.07 21.55 29.74 28.59 29.48 20.44 6.96 27.46 6.99 11.65 14.38 24.77 25.6 21.09 12.28 21.2 26.87 3.55 25.85 4.56 13.87 20.67 28.05 27.75 27.54 21.48 7.64 4.55 35.19 16.21 26.8 34.26 24.55 19 24.55 21.64 27.67 24.85 24.16 6.86 26.1 27.36 29.81 13.03 24.89 31.2 17.8 28.2 27.79 14.62 15.83 21.92 23.41 20.72 22.87 24.83 22.12 18.36 25.28 11.96 10.71 13.06 13.73 26.38 9.24 28.18 26.89 17.64 16.72 22.07 25.97 28 28.94 5.92 1.76 20.72 19.71 28.69 15.13 14.45 15.42 24.75 30.9 24.4 2.45 22.79 23.7 31.44 18.71 7.36 16.42 27.35 6.72 19.63 13.25 26.22 21.48 8.7 11.29 11.5 7.26 9.76 26.54 10.04 17.38 23.77 22.97 5.85 15.79 14.45 19.02 21.74 21.04 8.61 25.12 9.41 26.36 19.56 20.24 10.56 23.62 8.88 8.55 20.46 22.94 26.4 26.73 23.08 33.77 12.23 12.54 25.8 32.02 25.9 21.55 29.87 17.83 7.91 19.91 22.07 10.42 
21.11 6.17 16.9 9.27 12.23 13.47 15.36 18.2 11.59 17.62 17.17 27.98 7.54 17.44 8.03 22.01 21.37 8.37 24.58 20.06 10.75 7.51 3.22 8.21 16.76 0 32.66 26.15 25.49 10.97 18.82 10.32 1.1 23.54 23.2 14.94 19.15 25.85 25.33 8.84 10.8 31.17 22.14 15.95 13.94 29.22 19.26 21.04 4.57 5.49 14.08 17.04 11.29 19.61 12.6 8.03 33.15 29.42 32.29 15.06 10.49 17.53 27.05 21.48 31.7 27.08 30.82 13.8 27.72 5.66 19.05 25.95 9.86 19.28 26.56 16.28 22.67 23.04 24.63 21.23 1.68 34.17 21.08 7.19 5.33 5.6 22.01 13.03 9.77 11.34 16.04 14.01 15.52 4.96 22.79 20.51 18.95 12.29 10.63 25.52 24.44 19.3 20.55 12.47 21.7 27.13 19.12 21.72 16.39 18.54 15.5 29.65 21.95 11.62 10.26 15.16 20.09 9.21 17.13 22.24 21.57 23.75 24.17 9.59 23.74 30.6 20.38 2.95 5.17 15.06 5.99 8.38 5.46 5.26 19.89 7.16 26.76 9.1 2.66 13.69 17.9 11.05 11.06 4.56 25.52 14.06 29.57 9.42 25.49 8.26 29.78 20.73 7.85 22.8 15.34 19.81 18.65 7.44 27.09 18.54 31.82 9.32 27.52 4.61 13.35 27.81 25.57 23.06 14.78 25.45 10.75 20.7 5.6 5.32 14.99 
23.71 28.08 23.51 26.07 22.09 19.52 26.67 25.01 21.35 23.4 25.93 9.63 26.09 16.28 27.24 10.97 22.1 29.98 14.82 12.65 31.54 28.98 30.82 35.23 28.1 32.66 0 7.14 9.97 31.16 26.29 26.26 33.36 20.06 18.26 20.34 25.84 12.99 15.33 26.77 25.99 1.92 23.51 18.13 18.79 3.53 18.96 12.1 29.91 32.11 28.79 24.54 31.48 24.39 20.15 27.98 1.04 5.5 0.59 20.11 25.6 23.55 23.47 12.3 1.32 21.46 4.19 19.86 5.05 32.72 22.36 7.81 30.58 21.41 8.18 26.16 20.25 15.49 9.89 25.23 32.04 2.84 19.38 25.48 27.46 33.56 12.39 22 28.59 29.43 19.44 19.29 23.96 29.52 18.44 15.09 15.1 30.83 23.96 12.87 12.71 13.37 12.55 24.02 15.75 9.87 24.43 24.9 26.4 15.08 18.25 6.6 13.01 21.05 22.46 23.74 26.56 32.16 25.65 11.54 13.29 21.47 9.53 27.78 11.69 2.79 22.1 34.78 27.83 26.1 31.83 27.74 30.33 30.17 21.17 30.79 8.39 25.08 30.66 24.46 17.77 27.63 21.69 28.14 9.08 21.64 8.84 25.98 8.8 26.81 3.16 11.99 27.72 18.66 22.01 19.3 19.55 28.45 5.66 21.16 1.5 29.54 19.71 31.29 19.77 5.79 19.53 13.56 20.55 15.8 22.69 20.77 30.01 35.92 19.51 
21.28 21.2 19.84 19.04 15.06 13.66 19.58 21.73 15.33 16.41 22.38 10.37 19.25 11.36 20.25 6.3 19.77 24.57 8.76 6.92 26.54 23.38 24.62 29.64 21.08 26.15 7.14 0 8.79 26.2 19.42 21.03 26.77 18.51 11.96 15.6 22.81 12.45 14.56 21.26 18.88 6.39 17.04 11.05 12.21 3.7 15.74 7.4 23.08 26.26 24.48 17.53 26.57 17.6 13.55 22.41 7.33 7.5 6.63 15.37 18.51 16.55 22.85 5.16 5.93 21.04 4.71 14.42 3.94 26.88 19.3 6.18 25.44 14.54 7.52 22.37 18.39 9 7.85 22.78 25.7 8.07 16.92 19.03 21.11 27.69 9.04 16.91 23.4 24.57 14.95 13.69 19.92 22.67 12.05 8.03 7.98 26.13 16.95 12.13 11.29 7.07 5.63 19.11 13.22 10.01 21.41 18.36 19.36 10.29 13.05 8.77 5.95 14.59 16.19 19.58 23.74 26.88 18.65 7.88 10.02 19.94 2.39 20.68 4.91 6.35 15.38 28.46 21.15 22.01 26.05 20.71 23.4 23.27 14.36 23.76 8.01 18.13 24.36 19.94 13.72 20.5 15.49 21.59 2.51 16.86 5.77 18.95 7.16 19.82 5.37 6.37 22.09 12.27 17.73 12.41 12.54 22.8 2.02 17.87 5.94 24.29 19.61 24.41 12.94 5.77 18.73 11.41 15.8 15.09 16.88 14.06 24.13 29.85 12.41 
13.76 22.23 13.7 21.15 17.56 12.08 24.25 15.08 13.94 21.91 16.05 2.7 20.28 8.05 22.02 4.85 12.15 21.16 16.78 7.02 22.3 20.42 23.08 26.46 26.12 25.49 9.97 8.79 0 21.89 25.19 17.38 26.37 10.29 19.43 11.35 15.88 3.67 5.88 18.2 21.73 8.05 23.92 14.52 12.99 8.16 9.1 5.15 23.8 23.76 19.15 22.8 22.16 23.71 14.18 19.42 10.92 4.75 9.97 11.15 21.14 22.01 14.25 10.85 9.82 12.36 11.35 11.73 5.92 24.32 12.41 2.69 21.49 20.63 1.79 16.34 10.38 16.5 1.25 15.28 24.52 12.64 9.41 18.54 20.16 25.19 3.48 13.23 19.59 20.14 10.31 11.48 14.3 23.49 19.39 14.16 12.62 21.38 19.16 3.37 2.8 8.49 9.71 14.96 5.81 1.89 14.47 25.03 24.38 6.97 10.01 4.4 12.61 14.6 15.43 14.15 16.59 23.15 23.94 3.51 4.01 11.73 9.81 23.23 12.6 7.19 21.83 27.1 21.33 16.41 23.38 22.74 24.56 24.33 20.68 25.56 1.62 19.78 23.13 15.07 8.42 23.62 14.6 21.28 11.01 12.6 14.39 21.12 1.62 21.6 6.96 6.57 19.25 19.61 12.55 18.68 18.31 19.97 7.35 11.27 10.14 20.57 10.85 25.31 14.62 4.29 10.14 3.61 11.56 6.4 14.79 20.66 21.77 27.8 15.84 
12.23 14.36 9.01 16.72 17.35 12.87 23.58 9.16 11.68 24.54 7.87 23.74 14.19 14.99 16.06 20.36 13.12 2.93 28.23 19.28 0.45 4.45 8.01 5.5 25.42 10.97 31.16 26.2 21.89 0 26.78 5.24 11.99 15.83 28.17 10.83 9.63 20.68 19.27 5.57 18.5 29.34 29.01 19.38 15.65 28.23 13.21 19.19 13.94 5.56 3.88 24.41 0.44 26.89 14.82 4.89 31.93 26.56 30.97 11.05 17.88 24.51 18.02 22.99 30.56 18.66 30.73 11.81 26.18 5.6 11.15 23.43 1.26 25.41 23.47 7.05 15.01 26.86 21.52 11.78 9.3 33.37 14.15 11.02 9.59 6.14 18.85 9.3 2.98 1.75 11.72 12.61 7.92 14.1 27.82 23.66 21.41 1.38 16.75 20.49 19.81 19.34 21.49 7.15 16.5 23 10.2 29.07 24.49 16.16 13.16 26.27 24.25 13.58 11.78 7.91 10.24 2.08 24.93 19.62 18.02 15.48 24.98 18.19 25.8 28.58 26.81 9.92 12.24 6.21 5.01 16.83 15.21 14.9 25.95 17.14 23.46 15.56 8.85 6.82 13.5 19.65 12.05 11.06 26.63 9.52 31.14 16.84 22.58 16.01 28.01 19.85 5.33 27.92 9.34 25.05 23.88 4.98 26.34 11.46 30.78 2.4 19.64 14.85 16.4 25.49 17.86 18.52 10.61 19.18 9.92 26.61 5.75 8.75 19.17 
30.63 12.97 26.82 10.15 10.12 17.58 3.46 28.99 17.18 3.3 28.7 27.74 12.63 20.18 11.07 20.36 29.85 23.91 11.97 18.31 26.83 22.35 19.97 26.5 2.73 18.82 26.29 19.42 25.19 26.78 0 22.65 18.58 30.44 8.67 21.84 30.3 27.91 29 21.58 8.37 25.8 4.27 11.05 14.34 23.07 25.63 20.31 14.27 22.92 27.9 2.65 27.22 2.01 14.07 21.94 26.17 26.39 25.72 21.74 8.94 3.21 35.2 14.81 24.98 34.13 22.58 19.26 23.06 23.41 27.98 23.68 25.54 4.89 25 28.09 29.81 10.93 23.94 31.63 19.73 26.19 27.78 15.8 17.27 23.76 22.73 21.24 24.09 26.05 22.29 18.53 25.87 13.91 8.34 11.5 12.59 27.66 10.13 27.5 26.22 16.81 15.56 22.8 25.64 27.03 29.41 3.21 2.43 20.34 19.74 27.42 13.51 14.86 16.09 25.34 31.47 25.93 1.85 22 23.13 31.48 17.1 9.24 14.61 25.75 4.34 21.74 14.86 26.99 23.16 10.51 13.41 13.58 5.13 12.06 25.45 11.23 19.16 24.48 22.92 7.77 16.33 16.05 17.22 22.19 18.83 10.02 24.06 10.99 24.77 18.66 21.5 8.17 24.06 7.01 6.99 21.8 21.35 26.64 24.88 24.4 33.5 14.42 12.57 24.45 31.83 25.34 21.87 29.42 18.51 5.64 21.47 24.14 10.04 
10.8 11.31 6.57 12.98 12.78 7.63 19.67 7.98 6.53 20.12 7.09 19.49 10.51 9.98 12.66 15.35 11.06 3.79 23.08 14.12 5.54 3.25 7.16 9.09 21.64 10.32 26.26 21.03 17.38 5.24 22.65 0 11.41 13.33 23.2 6.04 9.05 16.75 15.75 1.52 14.69 24.49 24.45 14.34 10.51 23.21 9.5 14.19 11.57 6.65 5.25 20.14 5.65 22.51 9.79 2.4 26.98 21.92 26.03 6.25 14 20.1 16.72 17.75 25.58 16.79 25.61 6.62 21.24 7.14 8.75 18.65 4.4 20.74 18.84 6.25 12.46 21.74 16.86 11.03 8.8 28.36 11.05 7.05 6.51 8 14.13 4.26 2.36 3.8 7.08 7.39 5.2 11.56 22.86 18.5 16.22 5.51 12.53 16.49 15.63 14.12 16.25 2.5 12.47 18.7 8.85 24.66 20.49 11.18 8.06 21.77 19.03 8.59 6.87 4.85 10.09 5.91 20.8 14.79 13.4 13.46 19.75 14.81 20.57 23.75 22.17 10.74 9.22 5 6.19 13.53 12.83 12.5 21.24 14.67 18.89 11.59 7.68 3.38 9 16.15 7 8.25 21.4 4.78 25.9 13.08 17.89 12.49 23.13 14.71 2.48 22.97 5.38 20.18 19.04 3.02 21.27 8.38 25.79 3.29 17.33 12.85 11.42 20.7 15.4 14.26 5.83 15.78 4.77 21.85 5.03 10.77 14.27 
22.2 6.29 17.99 9.35 12.56 14.32 15.12 19.3 12.44 17.57 18.26 28.88 7.86 18.33 8.05 22.8 22.45 9.44 24.86 20.8 11.76 8.6 4.31 8.94 16.41 1.1 33.36 26.77 26.37 11.99 18.58 11.41 0 24.61 23.35 15.94 20.25 26.81 26.33 9.92 10.76 31.91 22.03 16.38 14.6 29.91 20.29 21.85 4.5 6.47 15.15 16.92 12.31 19.47 13.24 9.12 33.84 30.24 32.98 16.06 10.52 17.47 28.14 22.02 32.38 28.16 31.43 14.72 28.45 6.6 20.13 26.76 10.9 19.32 27.41 17.37 23.74 23.32 25.49 22.32 2.75 34.81 22.14 7.94 6.22 6.44 22.89 14.05 10.86 12.42 17.03 14.9 16.61 4.92 22.93 20.9 19.44 13.33 10.87 26.48 25.38 19.99 21.15 13.54 22.69 28.04 20.22 21.55 16.16 19.41 16.41 30.5 22.41 12.32 11.05 16.24 21.18 10.19 16.94 23.09 22.48 24.83 24.74 9.41 24.2 31.36 20.36 3.26 5.64 16.16 7 8.29 5.17 5.02 19.93 6.69 27.62 9.36 3.74 14.78 18.88 10.83 11.87 5.23 26.05 15.09 30.03 9.49 26.33 8.32 30.52 21.47 8.94 22.93 16.4 19.96 18.82 8.53 27.77 19.61 32.49 10.4 28.59 4.18 13.89 28.6 26.64 24.01 15.78 26.47 11.69 20.75 6.69 5.73 15.36 
4.21 22.83 6.96 23.15 20.79 13.2 28.44 6.85 14.3 27.24 8.15 10.59 21.28 10.31 23.47 12.63 2.81 16.49 25.13 13.56 16.28 16.51 20.45 21.25 30.5 23.54 20.06 18.51 10.29 15.83 30.44 13.33 24.61 0 26.99 9.38 6.98 7.1 4.82 14.74 24.41 18.16 30.46 19.52 16.14 18.45 4.93 11.87 23.76 19.79 12.13 27.8 15.93 29.47 16.66 15.73 21.06 14.58 20.14 9.37 23.69 27.29 4.82 18.65 20.05 3.81 21.61 11.7 16.19 20.19 4.73 12.9 16 26.72 12.05 8.86 0.87 24.39 10.85 5.56 22.09 22.82 2.74 18.26 18.9 21 9.6 10.92 14.71 14.24 8.55 12.21 8.27 23.61 26.83 21.36 19.15 14.82 21.69 7.19 7.49 14.8 17.05 11.06 5.45 10.21 5.87 31.25 28.91 10.4 10.79 13.67 20.51 16.25 15.87 8.52 7.21 17.68 28.8 10.77 8.71 1.45 18.8 25.33 21.16 17.28 28.13 24.05 21.13 9.63 19.27 24.35 24.88 24.58 26.97 26.46 11.74 21.58 20.88 9.98 7.53 26.26 15.24 20.53 20.32 9.78 24.27 23.19 11.79 23.14 17.19 13.62 15.8 27.02 8.23 25.19 24.43 16.35 17.43 5 20.38 15.59 3.99 25.23 17.97 14.57 2.07 7.1 9.45 4.43 13.88 27.24 18.36 23.83 20.41 
28.36 17.06 25.33 14 11.27 16.16 10.41 27.54 16.73 6.78 27.65 21.65 15.75 17.01 15.33 14.98 27.2 25.63 3.46 13.51 28.35 24.1 23.19 29.54 11.07 23.2 18.26 11.96 19.43 28.17 8.67 23.2 23.35 26.99 0 20.13 28.83 22.74 24.35 22.61 12.77 18.08 5.26 8.87 12.83 15.35 22.74 15.39 18.87 25.8 28.1 7.91 28.61 6.65 13.41 23.39 18 19.4 17.68 19.96 12.88 6.93 31.78 8.64 16.95 30.33 14.31 17.77 15.87 26.38 25.82 17.34 27.05 4.49 18.74 27.27 26.56 2.99 18.22 29.63 23.55 17.81 24.64 17.72 19.75 26.97 17.88 20.33 25.21 26.97 20.15 16.88 24.76 18.44 0.42 5.64 7.91 28.68 12.61 22.34 21.18 12.2 10.07 22.4 21.65 21.08 27.66 6.68 9.71 16.65 17.47 20.61 6.83 14.62 16.4 24.26 29.97 27.95 8.74 16.88 18.57 28.27 9.96 14.46 7.11 18.21 4.36 26.08 18.23 26.42 25.85 15.25 18.52 18.55 3.94 17.89 19.23 14.14 22.55 23.88 20.03 13.47 16.2 19.22 9.5 20.95 10.26 13.86 18.01 15.03 17.26 13.58 22.95 0.51 22.59 3.39 4.57 23.48 13.98 24.34 16.79 25.82 29.3 19.65 11.78 17.56 27.93 20.66 20.24 24.84 18.44 3.18 23.89 28.18 9.02 
8.8 13.48 5.21 13.82 11.82 4.27 19.48 7.43 4.97 18.81 7.54 13.52 11.9 4.24 14.1 9.57 8.13 9.82 19.22 8.74 11.21 9.09 12.15 15.12 21.55 14.94 20.34 15.6 11.35 10.83 21.84 6.04 15.94 9.38 20.13 0 8.74 11 10.39 6.89 15.16 18.53 22.59 11.56 7.66 17.42 4.55 8.4 14.51 12.47 8.9 19.19 11.16 21.16 7.76 8.11 21.1 15.88 20.14 0.23 14.44 18.84 13.8 13.17 19.73 13.18 20 2.58 15.36 13.02 6.14 12.65 10.26 18.75 12.8 7.24 8.59 18.09 10.82 9.82 13.72 22.55 6.67 8.96 9.87 13.88 8.1 1.96 8.3 9.12 1.11 3.36 4.69 14.33 19.87 14.78 12.39 10.59 12.49 10.7 9.73 9.14 11.52 3.69 6.78 12.72 7.67 23.14 20.07 5.37 2.77 15.74 14.75 7.1 6.5 4.23 9.89 11.88 20.09 8.81 7.36 10.08 14.67 15.98 16.03 17.78 20.22 16.1 11.87 6.6 12.07 14.98 15.58 15.29 19.13 17.1 12.86 12.24 12.37 4.35 3.05 16.97 5.91 11.38 16.36 1.31 20.86 13.86 11.86 13.77 17.19 9.24 7.97 20.02 2.47 17.62 16.65 8.68 15.57 4.86 19.96 9.27 13.16 16.01 9.31 14.7 11.23 8.35 0.21 10.54 4.55 19.56 10.55 16.56 12.09 
2.83 20.18 3.53 21.41 20.18 12.94 27.69 1.32 13.12 27.39 1.99 16.9 19.1 12.13 21.33 16.51 4.2 11.1 27.73 16.53 10.06 11.66 15.94 15.13 29.74 19.15 25.84 22.81 15.88 9.63 30.3 9.05 20.25 6.98 28.83 8.74 0 13.43 11.42 10.57 22.98 23.93 31.29 20.3 16.36 23.65 7.09 15.45 20.59 14.49 5.75 27.67 9.62 29.77 16.31 11.16 26.78 20.56 25.82 8.9 22.26 27.41 8.39 21.44 25.6 9.15 26.65 11.24 21.39 14.75 3.54 18.17 10.14 27.46 17.67 2.88 6.33 26.68 16.03 2.16 17.54 28.46 6.52 15.68 15.51 15.46 13.91 9.06 9.46 8.34 8.7 12.08 4.46 20.56 28.58 23.4 21.01 8.42 20.5 13.39 13.22 17.32 19.75 7.75 10.1 16.35 1.42 31.79 28.38 12.88 11.37 19.86 23.14 15.44 14.31 4.98 1.17 11.66 28.51 15.02 12.92 6.21 22.44 23.42 24.24 23.07 28.93 18.97 18.16 4.1 13.92 22.22 21.84 21.52 27.85 23.65 17.48 19.9 16.57 6.08 9.25 24.64 13.99 17.26 24.1 8.15 28.45 21.49 17.1 21.1 22.78 16.85 11.4 28.74 6.33 26.36 25.38 11.73 22.21 4.93 25.9 10.12 10.36 21.9 17.93 20.09 8.79 12.28 8.65 11.15 11.91 28.3 13.58 18.23 20.77 
10.99 23.4 11.91 22.78 19.5 12.99 26.64 12.85 14.7 24.61 13.98 3.5 21.54 8.92 23.48 7.79 9.38 20.45 20.25 9.63 21.12 19.95 23.15 25.66 28.59 25.85 12.99 12.45 3.67 20.68 27.91 16.75 26.81 7.1 22.74 11 13.43 0 2.35 17.82 23.59 11.11 26.99 16.96 14.72 11.67 7.47 7.62 24.79 23.36 17.51 25.42 20.9 26.57 15.73 19 14 7.5 13.09 10.85 22.95 24.71 10.68 14.09 13.06 8.74 14.87 12.16 9.48 23.88 10.19 6.34 20.48 23.55 5.22 14.44 7.39 19.86 4.67 12.47 24.69 15.77 6.97 19.3 20.63 24.74 5.19 12.96 18.75 18.95 9.89 12.18 12.79 24.53 22.66 17.3 15.51 19.98 20.91 0.42 1.71 11.12 12.78 14.25 4.28 3.12 12.08 28.02 26.88 8.17 10.56 6.57 15.92 15.87 16.3 12.77 13.96 22.19 26.53 5.96 4.95 8.49 13.36 24.93 16.08 10.23 24.82 27.1 22.2 14.76 22.93 24.27 25.69 25.43 23.65 26.9 4.83 21.3 23.33 13.94 7.97 25.51 15.5 21.96 14.63 12.08 18.05 22.76 5.29 23.08 10.21 9.35 18.91 22.88 11.49 21.69 21.2 19.6 11 9.37 13.4 19.73 7.19 26.32 16.5 7.69 6.61 2.9 11.19 2.84 15.14 23.72 21.52 27.48 18.18 
8.86 23.43 10.32 23.11 20.1 13.08 27.48 10.97 14.64 25.71 12.18 5.77 21.65 9.24 23.69 9.39 7.28 19.33 22.04 10.95 19.72 19 22.47 24.44 29.48 25.33 15.33 14.56 5.88 19.27 29 15.75 26.33 4.82 24.35 10.39 11.42 2.35 0 16.95 24.08 13.45 28.37 17.95 15.28 13.98 6.26 8.98 24.69 22.4 15.9 26.44 19.45 27.76 16.14 18.09 16.34 9.83 15.44 10.28 23.41 25.79 8.38 15.73 15.4 6.49 17.18 11.99 11.77 22.89 8.4 8.57 19.19 24.81 7.52 12.72 5.2 21.54 6.72 10.3 24.06 18.12 5.18 19.12 20.24 23.74 6.47 12.3 17.59 17.57 9.31 12.18 11.35 24.46 24.24 18.8 16.85 18.46 21.36 2.53 3.3 12.39 14.29 13.26 3.76 5.45 10.13 29.33 27.8 8.76 10.56 8.86 17.58 16.1 16.27 11.41 11.86 20.91 27.52 7.48 5.9 6.18 15.28 25.29 17.91 12.57 26.14 26.34 22.06 13.18 21.93 24.52 25.66 25.38 24.97 27.01 7.15 21.59 22.74 12.71 7.53 26 15.51 21.69 16.64 11.3 20.24 23.11 7.48 23.32 12.56 10.78 18.05 24.45 10.38 23.05 22.46 18.7 13.22 7.82 15.74 18.54 5.07 26.21 17.11 10.01 4.28 3.71 10.55 0.53 14.8 25.09 20.68 26.52 19.08 
12.32 9.91 8.07 11.74 11.88 7.64 18.51 9.5 6.23 19.16 8.6 20.42 9.24 10.52 11.33 15.81 12.53 3.33 22.71 14.41 5.76 2.22 5.71 8.46 20.44 8.84 26.77 21.26 18.2 5.57 21.58 1.52 9.92 14.74 22.61 6.89 10.57 17.82 16.95 0 13.48 25.05 23.57 13.82 10.15 23.63 10.72 14.67 10.08 5.57 6.46 19.12 6.01 21.54 9.27 1.23 27.46 22.63 26.52 7.08 12.81 19.14 18.23 17.67 26.04 18.25 25.89 6.93 21.73 6.12 10.21 19.3 4.48 19.92 19.58 7.75 13.88 21.32 17.6 12.55 7.35 28.78 12.38 5.82 5.05 6.99 14.86 4.97 2.61 4.5 7.99 7.59 6.69 10.09 22.26 18.14 15.94 6.17 11.46 17.54 16.61 14.24 16.25 3.73 13.55 19.61 10.37 23.71 19.36 11.73 8.53 22.57 18.83 8.02 6.21 6.32 11.6 5.68 19.73 15.43 14.2 14.92 19.83 13.49 20.44 24.35 21.33 9.41 7.79 6.5 5.18 12.19 11.35 11.02 20.44 13.21 19.67 10.42 6.18 4.86 9.93 14.86 6.51 6.78 21.44 5.74 25.92 11.85 18.59 11.19 23.67 15.03 1.1 22.35 6.65 19.5 18.34 1.78 21.63 9.76 26.24 3.25 18.74 11.34 10.84 21.32 16.8 15.23 6.69 17.01 4.5 21.09 3.73 9.67 13.61 
