175 15225
3.61 9.22 10.85
462578
93 37 67 34 1 89 90 1 43 92 69 7 17 99 49 43 12 8 46 33 38 26 68 16 17 46 71 53 77 27 46 61 80 98 42 37 27 75 65 76 31 75 52 27 94 42 34 56 52 14 14 83 17 44 52 13 32 3 79 61 100 95 37 97 74 76 27 36 50 63 55 14 6 32 80 85 1 21 4 73 15 45 12 62 50 32 63 28 48 86 51 8 2 83 73 49 32 22 59 45 62 1 45 21 78 59 47 23 75 11 96 6 22 4 52 31 43 14 85 10 50 96 8 98 54 26 6 89 98 61 21 39 26 56 46 51 40 33 95 11 28 41 41 19 9 40 54 80 81 37 27 17 10 12 77 71 37 84 81 38 72 24 42 95 75 61 98 74 8 98 40 55 72 34 100 
0 7.83 13.98 20.04 1.53 7.67 9.97 8.85 17.28 17.95 15.26 11.79 12.25 17.39 8.37 6.3 19.45 10.02 8.68 15.28 12.41 16.83 11.03 20.57 9.89 8.91 11 13.35 9.25 5.43 10.53 8.37 16.14 14.19 16.42 18.93 16.03 3.23 6.37 13.23 25.13 8.68 6.09 16.81 22.18 11.33 10.01 16.64 5.7 13.39 21.37 14.16 18.92 18.5 5.33 14.04 15.96 4.8 11.15 8.5 16.25 12.31 15.14 5.28 6.98 9.17 17.47 19.02 27.45 7.17 9.83 12.99 14.91 23.05 12.45 1.85 14.32 7.32 14.17 12.58 5.29 11.57 18.35 14.07 19.3 10.43 19.7 13.41 6.8 6.76 17.01 11.06 13.45 10.23 11.53 13.47 23.37 3.15 15.74 9.98 14.7 7.63 9.14 9.39 7.64 7.95 11.07 12.25 18.5 6.51 7.93 10.09 6.97 17.68 20.42 17.14 12.5 17.27 22.1 7.31 17.29 8.64 15.47 19.16 10.09 18.46 26.67 8.83 6.83 6.99 14.04 9.85 0.63 8.8 11.26 17.19 2.13 11.82 2.83 21.02 18.19 10.6 11.65 7.58 22.88 18.99 10.18 13.63 10.39 20.61 20.78 14.58 3.54 10.04 11.71 14.1 10.05 22.05 20.31 11.22 5.68 16.62 12.28 10.76 12.38 5.9 11.05 6.31 17.19 11.74 12.64 2.28 15.02 19.55 16.65 
7.83 0 9.04 17.5 8.95 7.75 5.41 16.57 23.2 16.8 14.47 16.05 19.28 25.1 7.5 1.63 22.92 6.12 6.58 20.17 12.61 15.84 16.43 16.07 10.77 2.31 9.28 21.02 16.9 8.04 11.91 1.53 22.6 14.82 24.2 18.62 18.1 5.87 7.55 17.52 26.48 13.97 2.33 9.17 15.33 12.27 4.87 19.23 2.26 8.08 20.21 13.25 17.28 13.33 12.92 16.43 17.17 5.93 18.98 16.33 24.02 14.17 21.71 3.09 7.01 4.01 12.62 16.89 29.16 2.63 3.24 11.9 21.37 17.14 15.42 6 13.89 7.04 7.95 6.28 13.12 19.33 18.98 20.66 20.05 6.37 16.54 5.87 3.75 8.96 22.98 11.27 18.74 16.28 18.97 12.68 23.18 7.41 17.78 12.89 19.43 10.1 16.95 1.96 14.08 2.78 9.01 12.57 12.09 13.82 14.59 6.74 12.28 19.88 15.26 21.5 8.92 23.68 16.12 0.52 23.96 15.07 23.13 20.96 7.77 21.94 28.29 6.06 12.87 7.75 6.95 10.78 7.78 13.15 10.69 12.94 8.01 18.39 8.25 13.85 10.92 2.8 3.99 11.37 22.88 16.39 6.69 6 17.9 17.88 22.6 22.41 11.1 13.58 19.54 17.47 4.44 21.45 21.12 19.04 7.51 18.93 19.46 11.86 8.12 3.12 18.8 10.99 18.69 4.86 5.39 6.34 7.27 20.02 18.22 
13.98 9.04 0 9.04 15.49 7.55 4.11 22.36 23.03 9.58 8.22 15.1 21.48 28.58 16.54 10.16 19.55 14.87 5.62 19.04 8.34 8.99 16.76 7.05 8.49 6.73 5.08 24.58 22.9 10.04 9.43 7.52 23.36 10.08 28.05 11.9 14.02 10.77 8.74 16.2 20.41 14.92 11.07 7.82 9.17 21.3 4.34 15.49 9.52 1.04 12.51 22.17 9.53 4.55 19.19 13.17 12.35 14.46 23.86 21.42 27.82 11.1 22.78 11.55 15.96 5.29 3.64 8.8 23.23 11.67 11.35 20.85 22.29 9.11 13.16 12.41 8.28 7.4 2.6 3.33 18.42 24.85 13.15 21.9 14.15 15.04 7.79 10.97 12.76 17.68 22.91 20.31 18.41 17.51 22.07 7.18 16 15.23 13.76 21.67 18.23 10.09 21.6 9.88 16.4 6.76 4.65 21.61 5.26 17.49 21.87 4.03 13.93 15.56 6.5 19.44 17.43 24.23 8.21 9.31 24.92 17.11 26.52 16.03 4.67 18.74 22.35 15.05 15.08 8.26 4.83 8.56 14.3 13.36 19.72 3.93 15.27 19.93 15.78 8.85 7.02 8.9 7 11.87 15.9 7.99 3.9 10.67 21.32 9.27 17.43 27.09 15.85 12.69 24.28 15.06 12.81 14.1 15.12 24.19 9.38 14.94 21.92 9.09 1.74 11.92 22.92 19.16 13.85 11.9 11.51 11.71 7.86 13.83 13.55 
20.04 17.5 9.04 0 21.54 12.37 12.09 26.88 21.85 3.59 5.54 14.99 22.88 30.31 24.78 18.26 15.52 23.57 11.77 17.61 8.44 4.35 17.42 5.18 10.7 15.26 9.1 26.8 27.54 14.77 10.69 15.98 23.07 8.05 30.19 5.45 10.69 16.99 13.69 15.34 13.09 16.72 19.16 16.02 13.36 29.39 12.65 12.06 17.28 10.08 4.13 30.74 2.29 7.26 24.48 11.25 8.77 22.09 27.39 25.42 29.94 10.54 22.87 19.42 23.96 13.49 6.79 1.32 15.81 20.03 20.19 29.39 22.32 10.08 12.43 18.99 6.57 12.76 11.39 12.37 23.04 28.87 7.65 22.3 8.19 23.79 1.69 20.01 21.01 25.3 21.85 28.54 17.97 18.82 24.2 6.89 7.84 22.23 10.6 29.23 16.93 13.24 25.21 18.68 18.98 14.83 9.12 29.87 10.96 20.95 27.77 10.92 16.68 11.37 7.12 16.92 26.26 23.6 10.02 17.65 24.59 19.26 28.37 10.87 10.29 15.08 14.98 23.54 17.94 13.06 13.67 10.77 20.55 15.07 28.1 5.55 21.86 20.99 22.5 14.44 14.24 17.86 16.03 14.51 8.01 1.12 10.93 19.69 23.87 0.69 11.64 30.1 20.52 13.63 27.63 13.37 21.63 5.96 8.73 27.93 14.4 11.38 23.49 10.3 9.43 19.97 25.87 26.1 9.55 20.9 20.55 17.88 16.62 7.53 9.61 
1.53 8.95 15.49 21.54 0 9.17 11.46 7.63 17.5 19.38 16.69 12.6 12.08 16.65 8.18 7.35 20.28 10.28 10.21 15.84 13.81 18.26 11.57 22.1 11.28 10.22 12.52 12.71 7.96 6.85 11.85 9.64 16.17 15.51 15.61 20.28 17.15 4.76 7.85 13.99 26.24 9.35 6.99 18.04 23.6 10.55 11.47 17.66 6.94 14.88 22.78 13.61 20.38 20.02 3.99 15.14 17.19 4.88 10.16 7.53 15.46 13.53 15.14 6.14 6.8 10.61 18.99 20.5 28.51 7.91 10.6 12.52 14.96 24.54 13.5 3.17 15.73 8.84 15.61 14 4.42 10.39 19.62 14.08 20.54 10.69 21.22 14.3 7.33 6.08 17.22 10.43 13.94 10.57 11.12 14.91 24.68 2.79 16.86 8.88 15.32 8.94 8.3 10.34 7.95 9.34 12.59 11.54 19.95 6.37 6.4 11.61 7.74 18.75 21.94 17.81 12.54 17.3 23.59 8.42 17.22 8.9 14.81 20.27 11.62 19.29 27.74 8.99 7.37 8.48 15.39 11.23 1.22 9.71 10.78 18.72 1.53 11.9 2.04 22.38 19.53 11.66 12.86 8.68 24.18 20.49 11.7 14.55 9.94 22.11 21.87 13.58 3.46 11.06 10.75 15.04 10.62 23.4 21.54 10.16 7.15 17.69 12.03 12.1 13.9 6.64 10.31 5.06 18.36 12.47 13.45 3.81 16.2 20.83 17.83 
7.67 7.75 7.55 12.37 9.17 0 4.72 15.17 16.5 10.44 7.78 8.77 14.08 21.06 13.54 7.56 15.2 13.4 2.15 12.96 5.24 9.34 9.82 13.28 3.05 6.57 3.39 17.04 15.76 2.62 4.16 6.78 16.42 7.35 20.51 11.73 10.37 4.69 1.36 10.16 18.98 7.66 8.28 13.33 16.65 17.75 5.3 11.48 6.28 7.39 13.91 19.76 11.32 11.68 12.33 8.67 9.58 10.3 16.4 14.04 20.28 6.41 15.71 8.16 12.44 5.16 10.54 11.36 21.59 9.51 10.99 18.43 15.27 16.48 7.74 6.73 6.94 0.72 8.87 7.83 11.2 17.52 11.64 14.75 12.68 13.74 12.07 13.01 10.13 13.35 16.33 17.1 11.84 10.26 14.54 5.93 16.3 10.01 10.05 17.13 12.17 2.86 14.14 9.64 8.89 5.32 3.55 18.42 12.74 9.96 15.46 3.67 6.45 12.15 13.49 14.01 16.29 17.39 15.65 7.57 17.92 9.65 19 13.3 2.91 14.23 20.74 12.86 7.56 0.76 9.92 3.05 8.18 6.31 16.9 9.96 9.53 12.65 10.19 16.05 13.67 9.82 9.34 4.59 15.9 11.32 3.83 12.97 13.78 12.94 14.95 19.57 8.6 6.2 16.79 9.82 12.1 14.79 13.74 16.77 2.09 11.19 14.47 4.14 5.81 8.9 15.39 13.8 11.06 12.54 12.86 5.54 12.24 12.76 10.57 
9.97 5.41 4.11 12.09 11.46 4.72 0 18.54 21.19 11.52 9.37 13.38 18.68 25.45 12.76 6.26 19.19 11.51 2.6 17.54 8.07 10.63 14.54 11.07 6.97 3.23 4.36 21.37 19.04 6.72 8.13 3.91 21.14 10.23 24.8 13.49 13.92 6.8 5.53 14.7 21.66 12.36 7.18 8.61 12.44 17.46 0.74 15.24 5.47 3.42 14.87 18.65 11.91 8.66 15.24 12.56 12.65 10.43 20.27 17.74 24.59 10.27 20.42 7.57 12.06 1.4 7.73 11.49 24.41 7.95 8.27 17.3 19.98 13.09 12 8.34 8.95 4.26 4.4 3.14 14.64 21.12 14.14 19.46 15.2 11.74 11.17 9.14 8.97 13.66 21.03 16.54 16.53 14.96 18.97 7.7 17.98 11.12 13.62 17.66 16.74 7.58 18.04 6.75 13.4 2.79 3.98 17.86 8.63 14.1 17.8 1.61 11.05 15.65 10.61 18.4 14.26 22.11 12.14 5.57 22.64 14.24 23.4 16.5 2.92 18.27 23.53 11.45 12.06 5.25 5.19 7.02 10.25 11.03 16.04 7.78 11.18 17.33 11.68 11.58 9.05 6.27 5.1 9.31 17.73 10.97 1.49 8.99 18.11 12.48 18.07 23.59 12.13 10.81 20.73 14.06 9.66 16.2 16.25 20.54 6.02 14.82 19.03 7.93 2.79 8.01 19.53 15.06 14.21 9.32 9.3 7.73 7.62 15.07 13.79 
8.85 16.57 22.36 26.88 7.63 15.17 18.54 0 15.25 24.07 21.49 14.12 8.87 10.11 14.26 14.98 20.93 17.06 16.78 15.57 18.5 22.98 11.95 28.44 16.19 17.76 18.5 6.94 0.74 12.55 16.26 17.21 13.18 19.56 8.83 24.3 19.74 11.77 13.82 15.02 28.31 10.99 14.57 25.65 30.93 14.33 18.69 19.67 14.53 21.91 27.15 17.93 25.28 26.75 3.69 17.86 20.51 11.87 3.21 1.95 8.75 17.11 12.15 13.72 13.07 17.91 25.64 25.68 30.06 15.38 18.06 17.24 12.25 31.47 16.11 10.69 20.45 15.1 22.87 21.34 3.97 2.78 23.02 11.32 23.73 17.44 26.93 21.82 14.64 11.28 14.95 14.86 13.61 10.3 6.91 19.99 28.18 9.71 19.53 11.49 15.4 13.65 2.96 17.93 8.58 16.76 18.7 15.48 27.17 6.18 4.62 18.34 10.38 20.94 28.61 17.83 18.73 14.19 30.57 16.05 13.6 8.85 8.69 22.58 18 20.08 29.43 15.67 9.22 14.4 22.88 16.11 8.8 12.34 15.66 25.13 8.73 9.96 8.74 29.84 27.03 19.27 20.48 12.43 27.56 25.95 18.46 22.1 5.94 27.52 23.96 6.28 6.56 13.95 3.84 16.83 17.87 27.31 24.55 2.84 13.12 19.95 8.4 16.62 20.67 14.14 4.65 8.46 21.23 19.88 20.91 10.89 23.82 24.21 20.74 
17.28 23.2 23.03 21.85 17.5 16.5 21.19 15.25 0 18.26 16.86 7.94 6.38 10.92 25.61 22.24 8.22 27.18 18.59 4.25 15.04 17.59 6.79 25.88 14.58 22.77 17.96 9.66 15.91 15.23 13.6 22.75 2.38 14.17 11.6 16.91 11.21 17.51 16.02 6.9 16.28 9.24 22.5 29.79 31.99 27.77 21.8 10.02 21.06 23.27 19.76 31.04 19.59 25.85 16.35 10.71 13.09 22.08 13.02 13.37 11.37 12.19 3.22 21.89 24.22 21.62 24.69 20.55 17.04 23.8 26.14 30 3.01 30.46 10.04 18.38 16.08 17.06 25 24.23 14.23 14.99 14.75 3.93 14.79 27.59 22.85 29 23.78 23.52 0.31 27.83 4.67 7.08 8.41 16.63 18.74 20.24 11.27 25.49 4.99 13.65 12.29 25.15 9.64 21.45 18.41 28.84 28.19 11.25 19.42 19.91 10.94 11.06 27.09 5.32 29.77 2.07 29.92 22.82 3.26 8.64 9.75 12.33 18.73 7.92 16.68 26.07 10.58 16.09 26.36 14.51 17.8 10.23 28.26 23.5 19 5.69 19.54 31.88 29.86 25.79 25.72 12.03 18.04 21.45 20.08 29.05 9.31 22.52 12.87 13.38 14.04 10.43 12.71 8.56 26.79 18.9 15.02 13.8 15.83 10.67 6.89 13.95 21.49 22.66 10.94 21.68 12.57 27.97 28.59 17.38 28.74 15.51 12.37 
17.95 16.8 9.58 3.59 19.38 10.44 11.52 24.07 18.26 0 2.69 11.54 19.49 26.9 23.66 17.25 12.08 22.9 10.44 14.03 5.65 1.12 14.02 8.23 8.14 14.74 7.62 23.49 24.76 12.53 7.84 15.36 19.51 4.68 26.84 2.43 7.11 15.12 11.63 11.8 10.92 13.55 18.11 17.26 15.93 28.08 12.19 8.49 16.12 10.51 3.49 29.8 1.36 9.47 21.96 7.7 5.18 20.64 24.33 22.51 26.58 7.23 19.33 18.22 22.69 12.88 8.62 2.32 13.73 19.15 19.78 28.46 18.78 13.16 8.98 17.16 3.68 10.97 12.16 12.7 20.35 25.9 4.32 18.8 5.07 23.17 4.79 20.28 20 23.76 18.26 27.35 14.43 15.49 20.91 4.51 6.5 20.45 7.01 27.57 13.35 10.64 22.2 18.26 15.89 14.02 7.82 28.68 12.94 18 25.39 10.06 13.72 7.88 9.92 13.34 25.72 20.02 12.92 16.84 21.02 16.07 24.98 7.58 9.08 11.58 12.86 22.66 14.95 11.02 14.41 8.2 18.51 11.94 27.03 7.21 19.91 17.58 20.58 16.67 15.91 17.71 16.16 11.64 6.34 3.37 10.12 20.03 20.65 4.26 8.59 26.9 17.93 10.42 24.52 9.8 21.16 4.68 5.86 24.9 12.29 7.81 20.12 7.49 9.3 18.86 22.71 24.19 6.03 20.79 20.64 15.94 17.44 4.55 6.05 
15.26 14.47 8.22 5.54 16.69 7.78 9.37 21.49 16.86 2.69 0 9.57 17.38 24.82 21.13 14.8 11.73 20.54 7.97 12.61 3 1.57 11.94 9.02 5.45 12.52 5.19 21.27 22.17 9.84 5.23 13.09 17.85 2.7 24.67 4.15 6.26 12.46 8.95 10.1 12.38 11.18 15.64 16.04 15.86 25.49 10.08 7.77 13.63 9.01 6.13 27.31 3.79 9.39 19.3 6.15 4.37 18.04 21.88 19.97 24.42 5.04 17.56 15.69 20.12 10.66 8.34 4.26 15.17 16.72 17.55 25.97 17.02 13.72 7.04 14.49 1.04 8.35 10.8 11.02 17.72 23.39 4.95 16.93 5.98 20.82 6.12 18.38 17.53 21.13 16.82 24.78 12.69 13.3 18.66 1.86 8.72 17.78 6.06 24.91 11.87 7.97 19.71 16.05 13.45 11.69 5.47 26.11 12.44 15.48 22.71 7.81 11.2 7.56 10.35 12.33 23.39 18.47 13.28 14.47 19.4 13.72 22.86 7.83 6.7 11.04 14.29 20.22 12.44 8.35 12.93 5.52 15.82 9.53 24.51 6.98 17.23 15.51 17.9 16.27 15.05 15.63 14.26 9.06 8.41 4.82 7.91 18.18 18.32 6.23 9.21 24.56 15.27 8.09 22.11 8.3 18.88 7.07 6.99 22.43 9.6 7.13 17.98 4.87 7.52 16.36 20.34 21.51 5.75 18.69 18.63 13.26 15.93 5.75 5.53 
11.79 16.05 15.1 14.99 12.6 8.77 13.38 14.12 7.94 11.54 9.57 0 7.97 15.35 19.95 15.37 7.68 20.85 10.79 4.19 7.29 10.64 2.53 18.41 6.64 15.26 10.03 12.07 14.86 8.05 5.67 15.36 8.43 6.95 15.33 10.95 5.7 10.86 8.55 1.49 14.26 3.38 15.81 21.93 24.1 23.1 14.02 5.55 14.09 15.34 13.94 25.93 12.89 18.08 13.3 4.06 6.87 16.32 13.51 12.27 15.08 4.57 8.03 15.36 18.61 13.93 16.9 13.67 16.21 17.14 19.18 24.73 7.5 22.79 2.56 12.28 8.65 9.4 17.08 16.35 11.19 15.31 9.25 7.36 9.8 21.24 15.7 21.66 17.38 18.54 7.82 22.85 3.33 4.15 9.55 8.96 14.27 14.94 5.53 21.44 3.41 6.02 11.64 18.01 5.61 13.96 10.47 24.04 20.28 8.08 16.89 12.03 4.86 6.82 19.44 5.52 23.64 9.2 22.19 15.74 10 5.28 13.46 8.46 10.82 6.69 15.52 19.94 5.45 8.48 18.49 6.57 12.41 3.07 23.01 15.78 13.86 6.05 14.52 23.94 21.93 18.43 18.11 4.73 13.63 14.38 12.19 21.65 9.5 15.68 9.87 15.65 9.6 2.57 13.57 2.71 20.05 13.69 10.53 14.18 8.54 5.84 8.62 6.03 13.55 16.16 11.64 17.55 7.25 20.91 21.38 11.04 20.98 10.37 6.8 
12.25 19.28 21.48 22.88 12.08 14.08 18.68 8.87 6.38 19.49 17.38 7.97 0 7.44 20.25 18.04 12.88 22.25 16.2 7.44 14.78 18.56 5.48 25.92 13.3 19.42 16.57 4.21 9.53 12.01 12.72 19.2 4.4 14.85 7.36 18.89 13.4 13.41 13.15 8.09 20.81 6.61 18.08 27.11 30.65 21.87 19.14 12.79 17.03 21.44 21.88 25.27 20.84 25.14 10.23 11.99 14.8 16.91 6.81 6.99 7.1 12.35 3.33 17.35 18.87 18.7 23.95 21.57 22.15 19.29 21.85 24.32 3.38 29.97 10.52 13.71 16.4 14.43 22.94 21.81 8.24 8.79 17.08 2.45 17.5 22.66 23.47 25.14 19.03 17.85 6.07 22.06 5.8 4.12 2.12 16.48 21.91 14.87 13.3 19.41 7.56 11.4 5.91 21.12 5.31 18.13 16.94 22.97 26.74 5.75 13.1 17.75 7.63 14.08 26.7 9.64 24.61 5.48 29.25 18.82 5.18 4.44 5.49 15.66 16.83 12.19 21.63 21.02 6.64 13.45 23.81 13.21 12.66 8.25 22.6 23 13.62 1.94 14.05 30.12 27.71 22.04 22.45 9.61 21.23 22.21 17.91 25.28 2.93 23.57 16.74 8 8.73 9.39 6.6 10.23 22.24 21.53 18.08 7.58 12.7 13.28 0.69 13.13 19.77 18.06 4.69 15.71 14.97 23.75 24.54 12.99 25.72 18.13 14.58 
17.39 25.1 28.58 30.31 16.65 21.06 25.45 10.11 10.92 26.9 24.82 15.35 7.44 0 24.19 23.66 18.97 26.78 23.12 13.93 22.2 25.98 12.89 33.32 20.62 25.69 23.8 4.11 10.33 18.74 20.11 25.33 8.63 22.27 1.41 26.18 20.57 19.44 19.98 15.29 27.08 13.93 23.48 33.6 37.71 24.42 25.83 19.77 22.87 28.44 29.17 28.02 28.25 32.42 13.33 19.31 22.1 21.42 6.91 9.27 1.4 19.78 8.22 22.66 22.92 25.27 31.23 29 27.96 24.52 27.2 27.35 8.72 37.26 17.92 19.14 23.84 21.32 29.82 28.55 12.23 7.95 24.27 8.36 24.59 27.18 30.91 30.8 23.99 21.3 10.69 24.96 12.76 11.55 6.52 23.91 28.89 19.22 20.5 21.52 14.3 18.55 8.37 26.76 12.18 24.48 24.15 25.57 33.8 11.44 14.6 24.71 14.67 21.01 34.04 15.81 28.68 8.93 36.51 24.6 7.77 11.53 2.06 22.5 23.91 18.5 27.58 25.42 13.51 20.38 30.44 20.54 17.6 15.61 25.76 30.34 18.06 9.32 18.26 37.03 34.48 27.91 28.66 16.8 28.2 29.64 24.87 31.01 7.36 31 23.35 4.37 14 16.81 6.27 17.42 27.28 28.69 25.07 7.31 19.44 20.32 6.86 20.52 26.85 23.24 6.35 18.55 22.11 29.1 30.03 18.8 32.02 25.26 21.76 
8.37 7.5 16.54 24.78 8.18 13.54 12.76 14.26 25.61 23.66 21.13 19.95 20.25 24.19 0 6.52 27.51 3.23 13.22 23.6 18.77 22.62 19.38 23.57 16.48 9.81 16.04 20.48 14.26 12.43 17.44 9.02 24.35 20.88 23 25.2 23.5 9.36 12.69 21.42 32.42 16.98 5.61 15.21 22.11 4.78 12.3 24.34 7.55 15.58 27.14 6.23 24.31 20.81 10.86 21.59 23.02 3.63 17.34 14.93 22.89 19.56 23.32 5.44 1.39 11.39 20.11 24.06 34.93 4.87 6.14 4.92 23.14 24.41 20.2 7.67 20.39 12.88 15.34 13.7 12.27 16.9 25.16 22.26 26.19 3.51 23.93 9.52 3.79 3.1 25.34 3.79 21.8 18.59 19.17 19.27 29.79 5.4 23.19 6 22.99 14.86 15.91 7.15 15.99 9.97 15.88 5.1 19.26 14.56 10.53 13.86 15.24 25.25 22.72 25.4 4.49 25.48 23.38 7.23 25.4 16.97 22.51 26.58 14.63 26.51 34.11 2 15.2 13.17 13.97 16.47 7.82 16.89 3.37 20.43 6.65 20.06 6.2 20.37 17.47 8.62 10.69 15.41 29.41 23.66 13.85 9.94 17.98 25.2 28.23 20.54 11.62 17.91 17.98 22.04 5.04 28.2 27.26 17.09 12.26 24.21 20.17 17.53 15.53 4.82 18.01 6.09 24.42 7.23 8.38 8.96 13.15 26.3 23.91 
6.3 1.63 10.16 18.26 7.35 7.56 6.26 14.98 22.24 17.25 14.8 15.37 18.04 23.66 6.52 0 22.49 5.84 6.83 19.41 12.68 16.25 15.52 17.21 10.61 3.56 9.64 19.59 15.29 7.32 11.69 2.79 21.52 14.86 22.72 18.93 17.9 4.74 7.08 16.86 26.52 13.03 0.92 10.8 16.89 11.2 5.85 18.94 1.31 9.27 20.71 12.56 17.84 14.58 11.32 16.13 17.13 4.43 17.44 14.79 22.54 13.93 20.59 1.51 5.81 4.91 13.79 17.55 29.14 1.95 3.89 11.21 20.28 18.56 14.99 4.51 14.13 6.86 9.35 7.66 11.59 17.75 19.1 19.53 20.15 6.18 17.42 7.16 2.76 7.57 22.01 10.3 17.88 15.24 17.61 12.96 23.51 5.79 17.59 11.55 18.7 9.57 15.44 3.12 12.93 3.46 9.44 11.62 13.57 12.47 12.97 7.35 11.31 19.68 16.52 20.87 8.74 22.61 17.55 1.11 22.82 13.93 21.71 20.86 8.18 21.5 28.29 5.42 11.77 7.4 8.51 10.61 6.21 12.38 9.85 13.99 6.38 17.25 6.62 15.45 12.53 4.31 5.62 10.64 23.18 17.14 7.33 7.35 16.52 18.68 22.51 20.87 9.67 12.98 18.01 17 4.69 21.85 21.23 17.48 6.89 18.7 18.18 11.7 9.04 1.76 17.33 9.44 18.62 5.76 6.5 5.04 8.89 20.18 18.13 
19.45 22.92 19.55 15.52 20.28 15.2 19.19 20.93 8.22 12.08 11.73 7.68 12.88 18.97 27.51 22.49 0 28.18 16.82 5.46 11.32 11.8 9.14 20.28 12.31 21.71 15.03 16.95 21.66 15.27 11.14 21.98 10.36 9.47 19.49 10.1 5.53 18.26 15.42 6.31 8.11 10.98 23.05 27.18 27.58 30.77 19.91 4.06 21.19 20.12 12.55 33.56 13.25 21.09 20.71 6.63 7.36 23.9 19.56 18.98 19.24 8.92 10.79 22.69 26.2 20.09 20.06 14.36 9.26 24.36 26.14 32.34 10.33 25.18 7.51 19.84 11.36 15.91 21.97 21.73 18.54 21.51 7.87 10.91 7.5 28.55 16.86 28.13 24.73 26.21 8.39 30.5 7.34 10.68 14.96 12.38 10.81 22.6 5.79 29.1 5.53 12.93 18.13 24.83 12.91 20.5 15.47 31.71 24.14 15.31 24.23 17.62 12.54 4.23 21.87 3.26 31.02 10.29 24.86 22.68 11.48 12.29 17.56 4.76 16.29 1 8.75 27.37 13.03 15.17 23.83 12.28 20.07 10.67 30.64 18.69 21.54 11.22 22.2 27.96 26.55 24.99 24.25 12.11 10.13 15.45 17.77 28.05 15.42 16.12 4.8 20.79 17.21 9.62 19.43 5.51 27.16 11.33 7.39 20.31 15.62 4.63 13.56 11.28 18.4 23.49 17.47 25.21 6.1 27.73 28.04 18.56 26.67 8.23 6.22 
10.02 6.12 14.87 23.57 10.28 13.4 11.51 17.06 27.18 22.9 20.54 20.85 22.25 26.78 3.23 5.84 28.18 0 12.58 24.75 18.51 21.94 20.66 21.76 16.45 8.31 15.35 22.93 17.13 12.91 17.52 7.6 26.15 20.7 25.65 24.68 23.72 9.99 12.85 22.34 32.36 18.19 5.16 12.38 19.45 7.34 10.92 24.72 7.13 13.85 26.32 7.34 23.39 18.86 13.51 21.92 22.98 5.4 20.03 17.52 25.52 19.74 25.15 5.49 4.07 10.11 18.3 23 34.99 3.9 3.61 6.04 24.91 22.07 20.7 8.8 19.91 12.7 13.29 11.76 14.63 19.77 24.93 24.08 25.99 0.41 22.55 6.45 3.47 6.24 26.93 6.13 23.08 20.1 21.39 18.72 29.25 7.58 23.41 9.13 24.08 15.27 18.43 5 17.58 8.88 15.1 7.25 16.9 16.5 13.61 12.86 16.42 25.5 20.7 26.36 2.89 27.27 21.04 6.07 27.31 18.59 25.01 26.7 13.85 27.18 34.14 1.4 16.61 13.21 11.62 16.45 9.59 17.8 5.23 18.8 8.78 21.82 8.52 17.61 14.77 6.23 8.35 16.15 28.94 22.46 12.81 6.89 20.22 23.92 28.35 23.33 13.52 18.58 20.66 22.67 2.2 27.55 27.06 19.86 12.58 24.5 22.25 17.54 14.14 4.69 20.5 9.2 24.46 4.18 5.29 9.89 10.34 26 23.97 
8.68 6.58 5.62 11.77 10.21 2.15 2.6 16.78 18.59 10.44 7.97 10.79 16.2 23.12 13.22 6.83 16.82 12.58 0 14.96 6.05 9.42 11.95 11.89 4.52 4.94 2.82 19.07 17.34 4.43 5.69 5.34 18.56 8.26 22.53 12.11 11.71 5.46 3.15 12.13 19.9 9.81 7.67 11.2 14.6 17.7 3.23 12.95 5.68 5.33 13.92 19.36 11.11 9.98 13.71 10.2 10.64 10.33 18.24 15.8 22.31 7.91 17.85 7.78 12.29 3.27 8.88 10.93 22.59 8.75 9.76 18.01 17.41 14.69 9.51 7.35 7.33 1.81 6.74 5.69 12.82 19.24 12.4 16.9 13.47 12.88 11.2 11.32 9.57 13.53 18.43 16.93 13.93 12.41 16.61 6.14 16.69 10.5 11.4 17.45 14.17 4.99 15.99 8.31 10.98 3.86 2.68 18.26 10.7 11.9 16.61 1.61 8.57 13.48 11.85 15.88 15.45 19.52 13.82 6.53 20.07 11.77 21.06 14.46 1.48 15.88 21.72 12.25 9.64 2.75 7.78 4.55 9.09 8.44 16.59 8.52 10.26 14.8 10.86 13.93 11.53 8.23 7.45 6.74 16.36 10.67 1.75 11.23 15.81 12.27 16.08 21.48 10.24 8.22 18.66 11.59 11.02 15.03 14.54 18.57 3.77 12.58 16.59 5.54 3.9 8.42 17.34 14.42 12.18 11.13 11.3 6.4 10.2 13.44 11.72 
15.28 20.17 19.04 17.61 15.84 12.96 17.54 15.57 4.25 14.03 12.61 4.19 7.44 13.93 23.6 19.41 5.46 24.75 14.96 0 10.89 13.34 4.27 21.63 10.7 19.44 14.02 11.56 16.29 12.14 9.64 19.53 5.64 9.92 14.29 12.78 7.04 14.8 12.71 2.86 13.39 6.62 19.81 26.06 27.88 26.38 18.19 5.97 18.16 19.35 15.68 29.41 15.36 21.67 15.67 6.46 8.87 19.98 14.09 13.61 14.03 8.04 5.75 19.3 22.23 18.12 20.52 16.31 14.73 21.13 23.26 28.26 5.23 26.24 5.9 16.03 11.85 13.58 21.13 20.48 13.48 16.06 10.67 5.62 10.82 25.15 18.59 25.82 21.28 21.91 4.24 26.25 2 5.52 9.5 12.44 15 18.4 7.07 24.44 0.81 10.2 12.72 22.13 8.01 18.14 14.47 27.38 24.13 10.25 19.11 16.15 8.37 7.14 22.86 2.26 27.48 6.01 25.72 19.84 7.08 7.23 12.34 8.58 14.91 4.75 14.19 23.77 8.48 12.67 22.62 10.64 15.86 7.04 26.53 19.3 17.23 5.76 17.85 27.86 25.96 22.6 22.3 8.81 14.31 17.2 16.32 25.83 9.96 18.29 9.45 15.39 12.53 6.76 13.96 4.31 24.07 14.95 11.2 14.85 12.66 6.59 8.12 9.96 17.56 20.1 12 20.54 8.48 25.02 25.53 14.86 25.16 11.52 8.23 
12.41 12.61 8.34 8.44 13.81 5.24 8.07 18.5 15.04 5.65 3 7.29 14.78 22.2 18.77 12.68 11.32 18.51 6.05 10.89 0 4.53 9.44 11.18 2.52 10.94 3.75 18.53 19.18 6.98 2.26 11.39 15.72 2.21 21.97 6.55 5.9 9.77 6.24 8.13 13.87 8.38 13.45 15.87 17 22.96 8.8 7.29 11.43 8.83 8.98 25 6.79 10.82 16.32 4.83 4.6 15.51 18.96 17 21.72 2.85 15.31 13.39 17.68 9.16 9.65 7.19 16.55 14.63 15.81 23.67 14.78 15.5 5 11.79 1.97 5.89 10.67 10.42 14.73 20.44 6.42 14.58 7.48 18.83 8.76 17.19 15.32 18.52 14.96 22.33 10.58 10.65 15.92 1.71 11.09 15.07 5.6 22.2 10.1 4.99 16.77 14.36 10.56 9.91 4.18 23.65 13.27 12.52 19.74 6.46 8.25 7.59 12.15 11.12 21.39 16.46 14.92 12.52 17.29 10.9 20.2 8.45 5.15 10.47 15.68 18.05 9.5 5.68 12.52 2.58 12.99 6.69 22.14 8.5 14.44 12.96 15.12 17.04 15.36 14.2 13.16 6.08 10.67 7.6 6.59 17.06 15.5 9.1 10.05 21.72 12.28 5.39 19.21 6.76 17.04 9.65 8.55 19.49 6.83 6.81 15.34 1.88 7.09 14.11 17.47 18.7 6.16 17.16 17.27 10.51 15.38 7.53 5.73 
16.83 15.84 8.99 4.35 18.26 9.34 10.63 22.98 17.59 1.12 1.57 10.64 18.56 25.98 22.62 16.25 11.8 21.94 9.42 13.34 4.53 0 13.09 8.52 7.01 13.83 6.61 22.52 23.67 11.41 6.73 14.43 18.74 3.71 25.89 2.93 6.58 14.02 10.52 11 11.42 12.52 17.09 16.76 15.91 27.01 11.32 8.03 15.1 9.87 4.57 28.78 2.33 9.4 20.84 6.92 4.62 19.57 23.28 21.43 25.63 6.24 18.52 17.18 21.64 11.96 8.46 3.03 14.24 18.15 18.87 27.44 17.97 13.39 8.08 16.06 2.56 9.89 11.59 12 19.24 24.83 4.34 17.95 5.25 22.21 5.27 19.51 18.99 22.68 17.58 26.29 13.62 14.52 19.93 3.41 7.35 19.35 6.44 26.47 12.63 9.52 21.13 17.36 14.83 13.07 6.84 27.62 12.72 16.92 24.26 9.13 12.64 7.57 10.07 12.81 24.77 19.29 13.06 15.87 20.27 15.05 24.05 7.51 8.09 11.22 13.36 21.66 13.87 9.91 13.79 7.08 17.39 10.89 25.99 7.05 18.8 16.66 19.47 16.51 15.56 16.86 15.38 10.54 7.12 3.87 9.2 19.28 19.64 5.04 8.7 25.89 16.81 9.4 23.48 9.06 20.23 5.61 6.16 23.84 11.17 7.36 19.18 6.38 8.55 17.84 21.68 23.08 5.7 19.93 19.82 14.83 16.83 4.86 5.63 
11.03 16.43 16.76 17.42 11.57 9.82 14.54 11.95 6.79 14.02 11.94 2.53 5.48 12.89 19.38 15.52 9.14 20.66 11.95 4.27 9.44 13.09 0 20.62 8.31 15.99 11.71 9.54 12.69 8.44 7.54 15.96 6.63 9.38 12.83 13.47 8.16 10.81 9.25 3.08 16.37 2.49 15.83 23.14 25.89 22.11 15.12 7.82 14.31 16.88 16.46 25.14 15.36 20.07 11.58 6.58 9.4 15.77 11.09 10.04 12.57 6.9 6.02 15.27 18.01 14.88 18.88 16.1 18.13 17.15 19.41 24 5.53 24.85 5.05 11.88 10.98 10.34 18.53 17.63 9.4 12.94 11.76 5.18 12.27 21.06 18.05 22.22 17.21 17.64 6.59 21.99 2.42 1.7 7.02 11.15 16.74 14.14 8.01 20.19 3.79 6.96 9.32 18.38 3.8 14.67 12.12 23.11 22.01 6.17 15.1 13.35 4.25 9.12 21.53 6.32 23.34 7.57 24.2 16.06 8.17 3.16 10.97 10.76 12.25 8.23 17.49 19.63 4.21 9.36 19.73 8.23 11.61 3.51 22.27 17.84 12.97 3.57 13.58 25.57 23.38 19 18.95 5.27 16.08 16.76 13.52 22.26 7.02 18.11 12.05 13.14 8.27 4.15 11.12 5.04 20.12 16.21 12.96 11.78 9.05 8.19 6.11 7.94 15.13 16.06 9.16 16.29 9.72 21.23 21.82 10.78 22.01 12.86 9.29 
20.57 16.07 7.05 5.18 22.1 13.28 11.07 28.44 25.88 8.23 9.02 18.41 25.92 33.32 23.57 17.21 20.28 21.76 11.89 21.63 11.18 8.52 20.62 0 12.76 13.77 9.96 29.54 29.04 15.9 13.21 14.56 26.8 11.71 33.01 10.46 15.09 17.34 14.63 19.07 18.26 19.4 18.13 12.09 8.26 28.34 11.38 16.55 16.53 7.99 9.26 29.09 7.2 3.06 25.56 15.17 13.13 21.49 29.49 27.25 32.77 13.85 26.44 18.59 23.01 12.32 3.47 6.06 20.96 18.7 18.18 27.78 25.91 4.95 15.97 19.16 9.81 13.41 8.54 10 24.48 30.73 12.53 25.74 13.2 21.9 3.55 17.08 19.81 24.72 25.84 27.34 21.63 21.79 26.93 9.47 12.94 22.13 14.93 28.71 20.89 15.08 27.24 16.76 21.38 13.8 9.74 28.63 6.48 22.97 28.5 10.52 18.91 16.06 2.02 21.29 24.19 27.46 4.83 16.36 28.36 21.87 31.3 15.8 10.52 19.74 20.14 22.03 20.17 14.04 10.58 12.84 20.96 17.71 26.71 3.38 22.06 24.13 22.61 9.54 9.91 15.62 13.55 16.69 13.15 4.9 10.45 16.7 26.4 4.84 16.71 32.5 21.88 16.54 29.83 17.33 19.64 11.1 13.84 29.93 15.35 15.88 26.47 12.79 8.33 18.97 28.25 26.08 14.2 18.44 17.85 18.29 13.17 12.6 14.15 
9.89 10.77 8.49 10.7 11.28 3.05 6.97 16.19 14.58 8.14 5.45 6.64 13.3 20.62 16.48 10.61 12.31 16.45 4.52 10.7 2.52 7.01 8.31 12.76 0 9.4 3.41 16.79 16.85 4.46 1.18 9.71 14.88 4.42 20.27 9.04 7.33 7.33 3.82 7.84 15.96 6.7 11.32 15.38 17.58 20.56 7.67 8.49 9.33 8.7 11.5 22.71 9.22 11.84 13.86 5.71 6.55 13.13 16.86 14.77 20.02 3.42 14.32 11.17 15.34 7.79 10.65 9.52 18.55 12.56 14 21.4 13.83 16.67 5.03 9.32 4.46 3.76 10.44 9.8 12.34 18.24 8.7 13.48 9.72 16.79 10.79 15.82 13.15 16.07 14.45 19.97 9.93 9.21 14.19 3.81 13.54 12.59 7.02 19.72 9.89 2.55 14.63 12.63 8.62 8.22 3.84 21.28 13.71 10.35 17.25 5.49 6.17 9.11 13.42 11.43 19.34 15.74 15.96 10.6 16.44 9.12 18.59 10.25 4.22 11.37 17.7 15.88 7.44 3.31 11.95 0.08 10.47 5.04 19.83 9.72 11.93 11.61 12.61 17.33 15.29 12.69 11.97 3.95 13.09 9.77 5.66 15.74 13.64 11.34 11.9 19.77 9.85 4.2 17.15 7.09 15.15 12.16 10.78 17.35 4.36 8.16 13.8 1.09 6.91 11.92 15.51 16.19 8.01 15.5 15.75 8.03 14.58 9.86 7.52 
8.91 2.31 6.73 15.26 10.22 6.57 3.23 17.76 22.77 14.74 12.52 15.26 19.42 25.69 9.81 3.56 21.71 8.31 4.94 19.44 10.94 13.83 15.99 13.77 9.4 0 7.39 21.58 18.15 7.59 10.57 0.79 22.41 13.15 24.88 16.67 16.65 6.26 6.76 16.69 24.72 13.61 4.44 7.96 13.48 14.57 2.61 17.88 3.34 5.78 18.1 15.52 15.14 11.06 14.2 15.11 15.55 7.99 19.91 17.28 24.69 12.81 21.58 5.05 9.28 1.86 10.32 14.7 27.44 4.94 5.04 14.19 21.2 15 14.3 7.08 12.03 5.89 5.79 4.1 14.07 20.47 17.2 20.56 18.26 8.53 14.26 6.44 6.04 11.12 22.58 13.58 18.19 16.08 19.36 10.8 21.18 9.17 16.34 15.09 18.67 9.24 17.78 3.53 14.12 1.32 7.07 14.88 10.04 14.26 16.25 4.71 12.05 18.41 12.99 20.57 11.04 23.44 13.99 2.6 23.83 15.06 23.67 19.38 5.88 20.75 26.57 8.35 12.82 6.78 5.17 9.43 9.01 12.55 13 10.63 9.55 18.32 9.91 12.17 9.3 3.29 3.03 10.75 20.92 14.15 4.63 6.4 18.37 15.62 20.99 23.32 11.8 12.71 20.43 16.38 6.43 19.41 19.33 20.05 6.95 17.52 19.68 10.46 5.84 5.28 19.49 12.94 17.1 6.22 6.36 6.99 6.34 18.18 16.65 
11 9.28 5.08 9.1 12.52 3.39 4.36 18.5 17.96 7.62 5.19 10.03 16.57 23.8 16.04 9.64 15.03 15.35 2.82 14.02 3.75 6.61 11.71 9.96 3.41 7.39 0 19.88 19.11 5.98 4.38 7.92 18.29 5.88 23.37 9.34 9.65 7.9 4.76 11.17 17.33 9.97 10.49 12.22 14.18 20.51 5.1 11.02 8.5 5.34 11.1 22.18 8.3 8.63 15.72 8.44 8.3 13.1 19.57 17.29 23.13 6.23 17.72 10.6 15.1 5.55 7.45 8.18 20.07 11.54 12.38 20.83 17.23 13.47 8.19 9.9 4.64 3.69 7.13 6.71 14.55 20.78 9.81 16.86 10.88 15.63 8.7 13.5 12.38 16.28 17.84 19.74 13.33 12.53 17.31 3.41 13.91 13.13 9.35 20.17 13.21 5.27 17.31 10.89 11.66 6.51 0.46 21.07 10.31 13.06 18.84 2.75 9.16 11.34 10.33 14.56 18.19 19.16 12.71 9.28 19.85 12.27 21.75 12.14 1.52 14.15 19.2 15.05 10.38 4.14 8.83 3.49 11.49 8.36 19.41 6.7 12.77 14.94 13.4 13.92 11.94 10.59 9.43 7 13.6 8.02 2.87 13.34 16.67 9.64 13.71 22.65 11.95 7.62 19.93 10.17 13.7 12.22 11.94 19.99 5.48 10.55 17.04 4.06 3.55 11.24 18.41 17 9.86 13.6 13.64 8.8 11.64 10.79 9.45 
13.35 21.02 24.58 26.8 12.71 17.04 21.37 6.94 9.66 23.49 21.27 12.07 4.21 4.11 20.48 19.59 16.95 22.93 19.07 11.56 18.53 22.52 9.54 29.54 16.79 21.58 19.88 0 7.38 14.67 16.37 21.23 7.3 18.82 3.49 23.02 17.59 15.33 15.92 12.29 24.95 10.16 19.44 29.49 33.67 21.16 21.74 17 18.78 24.4 26 24.72 24.82 28.5 9.67 16.12 18.93 17.54 3.9 5.63 3.25 16.28 6.46 18.64 19.17 21.17 27.32 25.5 26.18 20.51 23.18 23.94 6.8 33.35 14.58 15.08 20.26 17.26 25.75 24.46 8.31 5.66 21.25 6.07 21.69 23.33 27.28 26.74 20.03 17.7 9.37 21.58 9.99 8 2.61 20.22 26.11 15.35 17.47 18.39 11.73 14.61 4.57 22.7 8.22 20.37 20.21 22.3 29.76 7.33 11.56 20.67 10.72 18.29 30.17 13.69 24.96 8.08 32.58 20.52 7.21 7.67 2.12 19.87 19.91 16.3 25.7 21.6 9.51 16.34 26.33 16.7 13.6 11.85 22.3 26.48 14.16 6.12 14.42 32.95 30.38 23.82 24.55 12.9 25.43 26.07 20.82 26.94 3.27 27.49 20.92 3.85 9.92 13.18 3.39 14.41 23.32 25.7 22.29 4.59 15.36 17.48 3.52 16.78 22.84 19.24 2.47 15.11 19.16 25.08 25.99 14.7 27.91 22.31 18.75 
9.25 16.9 22.9 27.54 7.96 15.76 19.04 0.74 15.91 24.76 22.17 14.86 9.53 10.33 14.26 15.29 21.66 17.13 17.34 16.29 19.18 23.67 12.69 29.04 16.85 18.15 19.11 7.38 0 13.14 16.94 17.59 13.81 20.27 9.02 25.01 20.47 12.25 14.41 15.75 29.05 11.72 14.85 26.01 31.39 14.09 19.17 20.41 14.89 22.42 27.85 17.69 25.96 27.31 3.97 18.6 21.23 12.02 3.53 2.68 8.95 17.82 12.78 13.99 13.1 18.37 26.21 26.35 30.79 15.61 18.27 17.05 12.9 32.01 16.84 11.08 21.14 15.67 23.35 21.8 4.56 2.65 23.74 11.98 24.46 17.5 27.58 22.05 14.83 11.23 15.6 14.66 14.33 11.04 7.53 20.66 28.91 9.9 20.26 11.19 16.13 14.31 3.64 18.2 9.31 17.19 19.31 15.23 27.65 6.9 4.27 18.89 11.09 21.68 29.18 18.55 18.7 14.79 31.1 16.37 14.17 9.59 9.03 23.32 18.58 20.81 30.17 15.73 9.93 15 23.3 16.78 9.16 13.06 15.5 25.72 8.98 10.66 8.93 30.27 27.45 19.57 20.83 13.12 28.29 26.61 19 22.34 6.61 28.19 24.7 6.33 7.16 14.67 4.14 17.57 18.02 28.03 25.28 3.02 13.7 20.69 9.04 17.31 21.21 14.38 5.18 8.34 21.96 20.06 21.11 11.35 24.16 24.93 21.47 
5.43 8.04 10.04 14.77 6.85 2.62 6.72 12.55 15.23 12.53 9.84 8.05 12.01 18.74 12.43 7.32 15.27 12.91 4.43 12.14 6.98 11.41 8.44 15.9 4.46 7.59 5.98 14.67 13.14 0 5.18 7.53 14.82 8.81 18.12 13.51 11.08 3.07 1.3 9.54 20.07 6.02 7.8 15.1 19.02 16.25 7.14 11.93 6.04 9.76 15.94 18.62 13.53 14.27 9.77 9.17 10.74 8.92 13.83 11.44 17.9 7.17 14.01 7.43 11.19 6.69 13.14 13.69 22.53 9.12 11.13 17.33 13.61 19.05 7.82 4.95 8.88 2.64 11.08 9.84 8.59 14.91 13.04 13 14.03 13.29 14.59 13.78 9.46 11.71 15.02 15.74 10.71 8.5 12.25 8.07 17.98 8.17 10.77 15.27 11.41 2.44 11.57 10 6.71 6.27 6.16 17.03 15.13 7.47 12.99 6.04 4.48 12.82 16.09 13.55 15.75 15.85 18.2 7.7 16.25 7.58 16.69 14.18 5.49 14.27 21.72 12.12 5.37 1.86 11.8 4.42 6.01 5.11 15.7 12.58 7.46 10.78 8.15 18.29 15.76 10.56 10.59 3.34 17.52 13.76 6.19 13.83 11.4 15.37 15.83 17.05 5.99 5.68 14.24 9.76 12 16.62 15.06 14.19 0.7 11.78 12.34 5.37 8.3 8.22 12.9 11.72 12.07 12.89 13.42 3.63 13.77 14.23 11.55 
10.53 11.91 9.43 10.69 11.85 4.16 8.13 16.26 13.6 7.84 5.23 5.67 12.72 20.11 17.44 11.69 11.14 17.52 5.69 9.64 2.26 6.73 7.54 13.21 1.18 10.57 4.38 16.37 16.94 5.18 0 10.87 14.02 3.66 19.83 8.44 6.22 8.18 4.75 6.79 14.98 6.21 12.37 16.49 18.44 21.41 8.83 7.33 10.4 9.71 11.06 23.66 9.02 12.54 14.16 4.54 5.59 14.03 16.71 14.75 19.58 2.26 13.52 12.18 16.26 8.96 11.35 9.45 17.52 13.63 15.14 22.36 13.01 17.32 3.89 10.13 4.2 4.87 11.49 10.92 12.51 18.18 7.86 12.72 8.84 17.87 10.97 16.99 14.19 16.89 13.48 20.87 8.99 8.6 13.76 3.88 12.84 13.35 5.9 20.45 8.83 2.92 14.52 13.78 8.33 9.38 4.83 22.17 14.61 10.26 17.63 6.63 5.99 7.99 14.01 10.29 20.41 14.85 16.66 11.72 15.59 8.71 18.09 9.19 5.34 10.19 16.68 16.91 7.25 4.32 13.06 1.14 11.13 4.52 20.76 10.32 12.61 10.96 13.3 18.28 16.32 13.86 13.14 3.83 12.35 9.84 6.79 16.92 13.3 11.36 10.84 19.5 10.11 3.39 16.96 5.93 16.26 11.56 9.88 17.24 5.21 7.03 13.26 0.41 7.92 12.95 15.25 16.83 6.99 16.66 16.92 8.81 15.73 9.05 6.48 
8.37 1.53 7.52 15.98 9.64 6.78 3.91 17.21 22.75 15.36 13.09 15.36 19.2 25.33 9.02 2.79 21.98 7.6 5.34 19.53 11.39 14.43 15.96 14.56 9.71 0.79 7.92 21.23 17.59 7.53 10.87 0 22.31 13.6 24.49 17.24 17.01 5.89 6.82 16.81 25.21 13.55 3.65 8.44 14.18 13.78 3.34 18.2 2.7 6.57 18.75 14.77 15.8 11.85 13.63 15.41 15.98 7.21 19.44 16.81 24.3 13.13 21.46 4.28 8.48 2.51 11.11 15.39 27.92 4.15 4.46 13.43 21.09 15.77 14.52 6.52 12.56 6.09 6.56 4.87 13.59 19.94 17.7 20.43 18.77 7.84 15.01 6.29 5.25 10.34 22.55 12.8 18.21 15.97 19.06 11.34 21.78 8.46 16.7 14.3 18.77 9.35 17.34 2.98 13.92 1.49 7.63 14.1 10.79 13.93 15.57 5.31 11.94 18.78 13.79 20.73 10.37 23.36 14.76 1.81 23.71 14.88 23.33 19.8 6.41 21.01 27.05 7.59 12.65 6.91 5.83 9.73 8.43 12.58 12.23 11.41 8.89 18.17 9.22 12.82 9.92 3.07 3.34 10.77 21.5 14.87 5.24 6.31 18.05 16.35 21.42 22.86 11.39 12.83 19.98 16.6 5.8 20.03 19.83 19.56 6.92 17.86 19.43 10.78 6.59 4.49 19.1 12.2 17.52 5.8 6.07 6.56 6.71 18.7 17.06 
16.14 22.6 23.36 23.07 16.17 16.42 21.14 13.18 2.38 19.51 17.85 8.43 4.4 8.63 24.35 21.52 10.36 26.15 18.56 5.64 15.72 18.74 6.63 26.8 14.88 22.41 18.29 7.3 13.81 14.82 14.02 22.31 0 15.16 9.25 18.38 12.65 16.78 15.76 7.76 18.46 8.83 21.68 29.74 32.46 26.19 21.7 11.61 20.4 23.5 21.3 29.56 20.86 26.51 14.6 11.82 14.41 20.91 10.78 11.35 9.01 12.95 1.07 21.02 22.96 21.42 25.33 21.75 19.34 22.95 25.4 28.57 1.24 31.22 10.83 17.42 16.99 16.91 25.16 24.24 12.57 12.73 16.3 2.1 16.46 26.56 23.94 28.46 22.82 22.08 2.11 26.34 5.17 6.33 6.27 17.38 20.58 18.96 12.65 23.78 6.2 13.57 10.24 24.52 8.62 21.09 18.72 27.29 28.6 9.81 17.49 19.98 10.37 12.76 27.87 7.26 28.63 1.13 30.62 22.18 1.57 7.61 7.38 14.15 18.88 9.94 18.95 24.97 9.75 15.92 26.34 14.81 16.62 10.13 26.84 24.21 17.7 4.32 18.19 32.19 30.02 25.28 25.41 11.84 19.89 22.57 20.15 28.55 7.28 23.75 14.86 11.01 12.74 10.68 10.43 9.71 25.93 20.59 16.8 11.55 15.47 12.23 4.79 14.41 21.75 21.76 8.73 20.06 14.11 27.27 27.97 16.53 28.55 17.16 13.84 
14.19 14.82 10.08 8.05 15.51 7.35 10.23 19.56 14.17 4.68 2.7 6.95 14.85 22.27 20.88 14.86 9.47 20.7 8.26 9.92 2.21 3.71 9.38 11.71 4.42 13.15 5.88 18.82 20.27 8.81 3.66 13.6 15.16 0 22.18 4.82 3.94 11.74 8.23 7.41 11.67 8.88 15.61 17.78 18.3 24.97 10.97 5.42 13.6 10.7 7.58 27.1 6.01 11.91 17.69 3.47 2.42 17.55 19.68 17.94 21.92 2.55 14.89 15.52 19.75 11.36 10.8 6.73 14.34 16.81 18.02 25.78 14.35 16.36 4.39 13.73 1.98 8.03 12.54 12.44 15.95 21.29 4.29 14.28 5.32 21.02 8.79 19.37 17.47 20.48 14.13 24.39 10.01 10.82 16.23 2.91 9.18 16.98 3.68 24.09 9.17 6.57 17.58 16.57 11.25 12.12 6.29 25.7 14.73 13.44 21.21 8.62 9.18 5.53 12.98 9.74 23.58 15.78 15.88 14.72 16.71 11.4 20.34 6.26 7.33 8.69 13.47 20.2 10.37 7.71 14.49 4.45 14.78 7.31 24.23 9.5 16.26 12.95 16.95 18.55 17.08 16.4 15.31 7.23 8.7 7.44 8.75 19.22 15.98 8.74 7.85 22.22 13.64 5.76 19.87 5.62 19.25 7.93 6.39 20.27 8.77 4.86 15.47 3.44 9.02 16.25 18.04 20.49 3.98 19.37 19.47 12.42 17.41 5.44 3.58 
16.42 24.2 28.05 30.19 15.61 20.51 24.8 8.83 11.6 26.84 24.67 15.33 7.36 1.41 23 22.72 19.49 25.65 22.53 14.29 21.97 25.89 12.83 33.01 20.27 24.88 23.37 3.49 9.02 18.12 19.83 24.49 9.25 22.18 0 26.25 20.71 18.62 19.38 15.4 27.58 13.62 22.5 32.82 37.13 23.1 25.14 20 21.98 27.86 29.24 26.71 28.18 31.99 12.16 19.35 22.16 20.31 5.67 8.13 0.26 19.66 8.7 21.68 21.75 24.55 30.81 28.89 28.58 23.51 26.19 26.06 9.16 36.84 17.88 18.21 23.67 20.72 29.19 27.87 11.2 6.58 24.4 8.66 24.78 26.05 30.71 29.83 22.93 20.08 11.36 23.67 12.96 11.37 6.08 23.67 29.14 18.12 20.62 20.18 14.59 18.1 7.31 25.81 11.71 23.7 23.7 24.25 33.23 10.71 13.27 24.13 14.2 21.27 33.65 16.27 27.49 9.69 36.06 23.69 8.58 11.15 1.95 22.8 23.39 18.95 28.17 24.28 13 19.81 29.71 20.18 16.6 15.31 24.49 29.97 16.98 9.29 17.15 36.39 33.78 26.99 27.83 16.39 28.46 29.48 24.28 30.06 6.73 30.88 23.74 2.97 13.12 16.6 5.03 17.54 26.22 28.84 25.31 6 18.8 20.53 6.72 20.24 26.31 22.23 5.4 17.29 22.27 28.08 29.03 17.94 31.2 25.43 21.9 
18.93 18.62 11.9 5.45 20.28 11.73 13.49 24.3 16.91 2.43 4.15 10.95 18.89 26.18 25.2 18.93 10.1 24.68 12.11 12.78 6.55 2.93 13.47 10.46 9.04 16.67 9.34 23.02 25.01 13.51 8.44 17.24 18.38 4.82 26.25 0 5.74 16.32 12.78 10.9 8.53 13.44 19.75 19.64 18.32 29.48 14.2 6.91 17.74 12.79 2.99 31.4 3.25 11.88 22.51 6.9 4.09 22.03 24.23 22.62 25.99 7.19 18.33 19.77 24.16 14.81 11.05 4.4 11.34 20.86 21.7 30.06 17.79 15.4 8.48 18.34 4.82 12.34 14.5 14.93 20.74 25.91 2.25 17.92 2.75 24.97 6.92 22.43 21.64 25.06 16.95 28.82 13.49 15.07 20.49 5.96 4.59 21.62 5.74 28.75 12.18 11.36 22.19 20.19 15.86 15.85 9.62 30.14 15.37 18.14 26.03 11.96 13.93 6.04 12.24 11.77 27.53 18.78 15.22 18.61 19.85 15.89 24.35 5.42 10.85 9.73 10.47 24.34 15.08 12.22 16.71 9.09 19.51 11.97 28.58 9.64 20.97 16.96 21.66 19.1 18.33 19.75 18.3 12.04 4.26 5.56 12.04 22.2 20.37 6.03 6.25 26.58 18.46 10.37 24.37 8.79 23.03 3.12 3.44 24.86 13.38 6.24 19.55 8.18 11.48 20.46 22.48 25.23 4.35 22.81 22.72 17.06 19.75 2.15 4.55 
16.03 18.1 14.02 10.69 17.15 10.37 13.92 19.74 11.21 7.11 6.26 5.7 13.4 20.57 23.5 17.9 5.53 23.72 11.71 7.04 5.9 6.58 8.16 15.09 7.33 16.65 9.65 17.59 20.47 11.08 6.22 17.01 12.65 3.94 20.71 5.74 0 14.15 10.9 5.31 9.1 8.77 18.57 21.7 22.11 27.25 14.66 1.51 16.61 14.63 8.67 29.7 8.41 15.65 18.56 2.01 1.96 20 19.21 17.92 20.45 3.98 12.62 18.35 22.28 14.94 14.59 9.42 11.46 19.84 21.34 28.41 12.07 19.91 3.73 15.98 5.84 11.09 16.47 16.31 16.56 21.01 3.71 12.24 4.12 24.07 11.83 23 20.36 22.68 11.24 26.8 7.81 9.83 15.14 6.85 8.58 19.06 0.32 25.99 6.45 8.65 17.33 19.95 11.16 15.52 10.08 28.08 18.62 13.6 22.16 12.32 9.77 1.78 16.55 6.24 26.61 13.05 19.52 17.93 14.12 10.95 18.79 3.13 11 4.79 10.66 23.08 10.71 10.51 18.39 7.32 16.66 7.67 26.78 13.24 18.16 11.47 18.86 22.45 21.02 19.94 19.02 8.47 7.93 10.4 12.47 22.89 15.18 11.35 4.76 21.27 14.63 6.14 19.26 3.18 22.47 8.13 4.83 19.89 11.26 0.92 14.08 6.25 12.92 19.12 17.32 22.21 1.57 22.81 23.01 14.65 21.27 4.73 1.2 
3.23 5.87 10.77 16.99 4.76 4.69 6.8 11.77 17.51 15.12 12.46 10.86 13.41 19.44 9.36 4.74 18.26 9.99 5.46 14.8 9.77 14.02 10.81 17.34 7.33 6.26 7.9 15.33 12.25 3.07 8.18 5.89 16.78 11.74 18.62 16.32 14.15 0 3.54 12.35 23.12 8.32 5.02 14.21 19.16 13.24 6.92 14.99 3.63 10.21 18.59 15.55 16.01 15.28 8.44 12.24 13.76 5.86 13.71 11.11 18.43 10.23 15.87 4.51 8.12 6.15 14.24 16.02 25.6 6.34 8.63 14.26 15.55 19.85 10.86 2.04 11.58 4.23 11.1 9.58 7.94 14.4 16.01 14.82 17.01 10.38 16.57 11.74 6.51 8.75 17.28 12.69 13.2 10.5 13.17 10.62 20.86 5.33 13.84 12.45 14.11 5.51 11.54 7.74 8.22 5.1 7.93 13.99 15.4 8.04 11.16 6.85 6.58 15.89 17.2 16.38 12.79 17.87 18.92 5.42 18.11 9.21 17.44 17.24 6.89 17.26 24.78 9.12 7.03 4.12 11.21 7.3 3.63 7.81 12.63 13.96 4.87 12.53 5.51 18.1 15.35 8.63 9.22 6.17 20.42 15.92 6.95 11.87 12.15 17.54 18.89 17.1 5.56 8.64 14.22 12.76 9.31 19.41 18.06 13.9 2.98 14.85 13.6 8.32 9.15 5.31 13.24 9.12 15.12 10.49 11.19 0.95 12.58 17.18 14.6 
6.37 7.55 8.74 13.69 7.85 1.36 5.53 13.82 16.02 11.63 8.95 8.55 13.15 19.98 12.69 7.08 15.42 12.85 3.15 12.71 6.24 10.52 9.25 14.63 3.82 6.76 4.76 15.92 14.41 1.3 4.75 6.82 15.76 8.23 19.38 12.78 10.9 3.54 0 10 19.73 6.94 7.69 14.03 17.75 16.74 6 11.88 5.77 8.49 15.08 18.92 12.57 12.98 10.97 9.07 10.33 9.32 15.13 12.74 19.15 6.92 14.99 7.45 11.53 5.66 11.84 12.65 22.27 8.98 10.74 17.61 14.57 17.75 7.92 5.56 8.05 1.35 9.85 8.67 9.86 16.2 12.51 14 13.53 13.2 13.43 13.11 9.47 12.28 15.83 16.16 11.42 9.49 13.47 7.13 17.32 8.85 10.58 15.98 11.95 2.55 12.87 9.5 7.88 5.45 4.91 17.46 13.86 8.75 14.11 4.76 5.53 12.67 14.8 13.95 15.73 16.77 16.9 7.28 17.23 8.71 17.92 13.92 4.19 14.43 21.43 12.18 6.53 0.63 10.68 3.79 6.9 5.79 16.02 11.31 8.29 11.83 8.96 17.06 14.58 9.89 9.7 3.99 16.89 12.65 4.91 13.12 12.66 14.27 15.58 18.35 7.26 6.03 15.54 9.94 11.74 15.88 14.59 15.49 0.73 11.66 13.5 4.84 7 8.22 14.19 12.56 11.74 12.41 12.84 4.31 12.79 13.67 11.23 
13.23 17.52 16.2 15.34 13.99 10.16 14.7 15.02 6.9 11.8 10.1 1.49 8.09 15.29 21.42 16.86 6.31 22.34 12.13 2.86 8.13 11 3.08 19.07 7.84 16.69 11.17 12.29 15.75 9.54 6.79 16.81 7.76 7.41 15.4 10.9 5.31 12.35 10 0 13.3 4.67 17.31 23.21 25.1 24.51 15.36 4.78 15.58 16.5 13.88 27.38 13.16 18.95 14.47 4.1 6.83 17.79 14.12 13.11 15.14 5.3 7.53 16.86 20.08 15.31 17.79 14.02 15.1 18.63 20.66 26.18 6.98 23.59 3.14 13.76 9.26 10.8 18.27 17.63 12.32 15.99 9 7.03 9.41 22.73 16.18 23.1 18.87 19.97 6.82 24.28 2.63 4.76 9.88 9.74 13.83 16.38 5.22 22.79 2.05 7.46 12.39 19.48 6.68 15.39 11.62 25.46 21.32 9.13 18.03 13.3 6.27 6.08 20.22 4.02 25.13 8.39 23.03 17.22 9.3 6.18 13.48 7.71 12.06 5.34 14.44 21.44 6.72 9.91 19.77 7.78 13.84 4.55 24.47 16.61 15.28 6.17 15.94 25.03 23.11 19.88 19.5 6.22 13.16 14.82 13.47 23.08 10.01 16.03 8.98 16 10.9 3.98 14.12 2.14 21.54 13.44 10.01 14.83 10.01 5.21 8.77 7.11 14.71 17.66 12.15 18.9 6.88 22.38 22.84 12.53 22.32 10.04 6.49 
