100 4950
3.71 7.08 11.03
157102
76 49 11 69 10 62 55 39 23 95 47 45 96 52 18 90 59 94 57 1 73 34 35 73 84 92 47 48 54 49 72 29 99 73 71 38 72 17 2 95 4 11 15 26 55 85 26 31 65 78 35 12 80 66 72 12 69 10 2 29 41 73 34 37 54 61 94 37 87 16 69 49 20 20 31 40 27 65 92 13 80 6 32 4 14 71 67 77 34 65 34 1 83 19 57 86 12 27 50 50 
0 10.24 11.11 16.66 24.9 21.04 17.48 16.57 24.38 21.67 9.07 9.83 11.64 20.18 8.2 6.43 6.79 20.15 5.8 16.89 23.77 18.53 20.79 24.25 10.26 19.76 19.71 12.19 19.22 16.26 27.06 18.92 9.15 23.03 19.14 22.21 8.42 12.74 18.65 9.27 19.91 19.59 18.2 8.9 9.26 14.93 16.56 9.5 21.33 19.14 14.05 17.52 12.13 14.07 4.41 18.04 19.71 16.83 10.98 12.05 10.1 1.26 8.76 14.58 15.95 15.95 13.25 22.98 19.31 10.96 18.96 15.66 4.78 28.35 25.87 12.56 19.46 18.6 22.43 19.18 17.13 5.27 1.59 17.09 21.94 18.68 5.2 12.09 20.8 21.75 24.72 10.28 6.18 19.01 16.9 16.19 20.43 25.19 5.81 11.16 
10.24 0 15.66 7.67 19 20.26 10.84 11.38 15.62 22.4 16.01 20.06 10.54 10.76 6.11 9.93 3.73 13.48 5.12 12.04 17.01 21.21 13.55 18.59 1.4 14.93 21.43 12.58 9.01 10.6 18.76 13.08 19.38 14.39 10.9 12.08 3.11 10.05 10.3 19.33 14.97 9.51 10.58 9.32 12.57 7.87 16.12 19.33 16.23 10.56 16.02 8.65 5.12 8.54 8.85 8.51 9.97 7.76 9.27 7.5 20.24 11.49 10.25 12.76 19.08 8.86 5.67 25.13 9.23 7.27 9.08 17.45 6.2 19.16 16.91 17.85 15.78 11.85 18.32 13.04 15.24 14.43 10.97 7 15.57 13.24 9.4 7 11.22 18.44 16.67 5.88 15.81 19.1 16.96 8.71 15.7 18.43 11.63 5.51 
11.11 15.66 0 23.33 19.66 11.63 15.16 13.04 23.07 11.2 3.68 14.68 7.25 26.25 17.6 17.37 12.46 16.93 11.15 26.32 19.76 7.49 18.1 18.85 16.63 14.56 8.92 5.49 22.41 25.26 24.58 15.13 14.28 21.77 26.53 24.53 16.07 22.73 25.95 11.8 14.77 22.08 16.78 19.42 3.11 14.28 7.98 10.73 15.96 26.22 4.14 18.01 20.02 22.98 7.91 19.45 21.16 23.42 8.03 10.91 15.89 10.86 5.55 8.49 4.91 14.82 20.92 11.93 24.08 20.33 20.91 5.37 14.03 27.27 24.67 2.24 13.14 15.97 15.77 15.65 9.8 7.87 9.62 22 17.86 14.52 16.1 21 21.68 14.43 22.27 10.88 8.9 9.29 7.74 24.1 14.92 20.92 16.92 19.63 
16.66 7.67 23.33 0 22.83 26.84 15.43 16.9 16.62 29.35 23.57 26.04 17.82 3.59 9.22 13.48 11.15 17.46 12.57 7.63 20.33 28.64 16.95 22.67 6.84 20.08 28.66 19.96 7.18 6 20.02 17.83 25.38 15.82 3.39 9.9 8.26 8.91 2.78 25.92 20.04 8.49 14.3 11.26 20.24 13 23.07 26.13 21.02 2.91 23.49 11.35 4.78 5.56 16.31 9.94 10.23 0.24 16.56 14.25 25.91 17.91 17.9 19.59 26.61 13.62 3.67 32.36 4.51 7.59 9.2 24.84 11.91 18.84 17.36 25.53 21.47 16.11 23.49 17.56 21.79 21.48 17.76 3.68 19.47 18.25 13.67 6.16 11.52 24.06 18.55 13.1 22.71 26.01 23.99 2.91 20.8 21.55 15.63 6.08 
24.9 19 19.66 22.83 0 11.36 8.17 8.35 8.65 14.74 22.99 32.92 13.79 23.2 24.98 28.07 19.71 5.55 19.82 29.92 2.73 17.89 5.88 0.83 20.32 5.29 16.25 14.5 16.49 28.28 7.33 6.11 32.36 8.38 25.83 15.71 21.95 28.93 25.3 30.6 5.11 15.18 8.67 28.16 18.2 11.14 12.11 29.79 3.75 25.04 15.94 11.5 23.5 26.74 20.67 12.95 13.19 22.71 14.07 12.99 33.8 25.65 16.96 11.37 18.05 10.14 23.48 18.56 19.81 26.21 14.02 15.67 23.59 11.26 9.53 21.16 6.54 7.15 4.5 6.01 9.94 25.46 24.37 19.29 3.45 6.24 27.15 25.68 12.28 6.23 6.23 14.95 26.97 12.84 12.81 25.44 4.78 2.33 29.16 24.3 
21.04 20.26 11.63 26.84 11.36 0 12.48 10.34 18.44 3.43 15.3 26.3 10.17 28.61 24.84 26.31 18.81 12.19 18.1 32.3 12.94 6.92 13.49 10.59 21.63 8.49 5.03 8.92 22.69 30.86 18.32 10.64 25.88 17.54 30.22 23.4 22.27 29.81 29.62 23.42 8.67 21.74 14.27 27.54 11.97 14.05 4.53 22.32 8.87 29.62 7.53 17.01 25.38 28.79 16.76 18.85 20.03 26.82 11.34 12.79 27.49 21.26 12.38 7.53 7.98 13.72 25.87 7.29 25.53 27.04 20.38 6.3 22.03 22 19.77 12.17 6.37 12.46 6.89 11.19 5.07 19.24 19.89 24.09 11.64 9.92 25.12 27.12 19.79 5.17 16.55 14.44 20.44 2.35 4.16 28.7 8.18 13.46 26.57 25.61 
17.48 10.84 15.16 15.43 8.17 12.48 0 2.39 7.92 15.6 17.75 26.33 7.99 16.55 16.81 20.02 11.72 2.75 12.02 22.09 6.42 16.69 3.34 7.76 12.17 4.67 15.85 9.72 10.28 20.48 9.86 2.4 25.71 6.62 18.66 10.97 13.79 20.81 18.09 24.42 4.63 9.26 1.86 20 12.74 2.98 10.08 23.84 5.63 17.95 12.65 4.57 15.47 18.79 13.58 6.4 7.55 15.35 7.62 5.49 27.02 18.38 10.77 7.17 15.67 1.99 15.55 19.23 13.3 18.08 7.91 13.25 15.59 12.13 9.53 17.18 6.35 1.12 8.07 2.23 7.97 19.06 17.22 12.18 4.78 2.85 19.16 17.61 7.44 8.76 7.48 7.21 20.63 12.49 11.09 17.8 5.38 7.86 21.24 16.2 
16.57 11.38 13.04 16.9 8.35 10.34 2.39 0 10.08 13.34 15.83 24.96 6.07 18.36 17.05 19.84 11.48 3.97 11.5 23.12 7.33 14.31 5.07 7.75 12.77 3.58 13.49 7.55 12.36 21.56 11.62 2.39 24.36 8.83 20.22 13.28 14.09 21.43 19.63 22.86 3.65 11.44 4.24 20.16 10.83 3.9 7.7 22.19 5 19.56 10.33 6.7 16.32 19.72 12.42 8.53 9.83 16.84 5.99 4.65 25.74 17.37 9.09 4.83 13.3 3.4 16.56 16.91 15.22 18.64 10.08 10.87 15.33 14.25 11.67 14.98 4.58 2.96 6.94 2.77 5.64 17.56 16.12 13.89 5.42 2.12 18.88 18.35 9.8 7.2 9.27 6.64 19.12 10.18 8.71 19.07 4.35 8.7 20.85 16.88 
24.38 15.62 23.07 16.62 8.65 18.44 7.92 10.08 0 21.84 25.64 33.73 15.92 15.98 21.6 25.54 17.89 6.52 18.61 24.21 6.04 23.87 5.19 9.02 16.6 10.04 22.69 17.61 9.5 22.55 3.4 8.34 33.08 1.37 19.07 7.68 18.71 24.35 18.63 32.04 9.84 8.15 6.48 24.76 20.65 9.62 17.3 31.55 9.61 18.22 20.36 7.02 18.79 21.52 20.92 7.28 6.43 16.44 15.47 13.01 34.29 25.43 18.6 14.88 23.21 8.72 18.39 25.67 12.71 21.95 7.48 20.74 21.51 4.22 1.6 25.06 12.18 7.12 12 7.76 14.99 26.66 24.4 12.95 6.83 9.08 24.94 21.02 5.1 13.51 2.5 14.32 28.23 19.16 18.25 19.49 10.26 6.48 27.15 19.92 
21.67 22.4 11.2 29.35 14.74 3.43 15.6 13.34 21.84 0 14.7 25.67 11.91 31.35 26.44 27.4 20.48 15.53 19.58 34.34 16.37 4.63 16.84 13.98 23.71 11.85 2.57 10.17 25.67 32.97 21.75 13.91 25.32 20.92 32.73 26.56 24.08 31.53 32.13 22.64 12.03 24.78 17.43 28.93 12.42 16.86 6.29 21.45 12.29 32.18 7.62 20.05 27.47 30.83 17.64 21.87 23.15 29.34 13.17 15.11 26.95 21.69 13.46 9.75 6.62 16.66 28.06 3.85 28.38 28.82 23.43 6.03 23.35 25.43 23.19 11.09 9.7 15.68 10.29 14.48 7.76 19.06 20.36 26.81 15.06 13.18 26.17 29.06 23 8.58 19.98 16.52 20.07 3.33 5.44 31.01 11.57 16.87 27.4 27.56 
9.07 16.01 3.68 23.57 22.99 15.3 17.75 15.83 25.64 14.7 0 11.03 9.78 26.77 16.62 15.51 12.42 19.8 11 25.48 22.87 10.63 20.88 22.2 16.73 17.78 12.3 8.52 23.75 24.61 27.45 18.07 10.65 24.31 26.57 26.18 15.69 21.56 26.01 8.12 17.99 23.62 19.21 17.9 5.01 16.38 11.6 7.06 19.25 26.37 7.82 19.97 19.72 22.34 7.28 21.22 22.97 23.69 10.19 12.87 12.27 8.47 7.13 11.65 8.17 17.08 20.73 14.95 24.98 19.44 22.57 9.02 12.95 29.86 27.25 3.89 16.54 18.67 19.27 18.55 13.28 4.68 7.49 22.8 20.94 17.52 14.27 20.32 23.66 18 25.09 12.28 5.41 12.96 11.41 23.89 18.21 24.1 14.66 19.1 
9.83 20.06 14.68 26.04 32.92 26.3 26.33 24.96 33.73 25.67 11.03 0 19.14 29.63 16.96 13.31 16.59 28.82 15.48 24.58 32.28 21.4 29.67 32.18 20 27.63 23.21 18.67 29.05 24.42 36.15 27.34 0.68 32.36 28.13 32.03 18.01 20.19 27.71 3.16 27.81 29.41 27.35 16.15 14.93 24.12 22.39 4.46 29.19 28.28 18.78 27.07 21.32 22.49 12.81 27.74 29.44 26.23 18.97 20.86 1.44 8.6 15.97 21.69 19.07 25.07 22.45 25.5 29.04 19.34 28.73 20.05 14.24 37.81 35.27 14.61 26.78 27.4 29.67 27.71 23.78 7.47 9.4 26.84 30.36 26.94 12.66 20.71 30.48 28.58 33.78 19.41 6.01 23.98 22.32 25.09 28.19 33.64 11.28 20.14 
11.64 10.54 7.25 17.82 13.79 10.17 7.99 6.07 15.92 11.91 9.78 19.14 0 20.26 14.67 16.27 8.65 10.05 7.94 22.42 13.27 10.83 11.11 13.06 11.83 8.5 10.89 2.22 15.59 21.08 17.68 8.38 18.57 14.59 21.18 17.45 12.19 19.69 20.58 16.89 8.68 15.1 9.55 17.38 4.77 7.08 5.74 16.17 10.06 20.71 5.77 10.82 15.58 18.91 7.24 12.36 14.02 17.85 1.27 3.92 20.02 12.18 3.17 2.96 8.98 7.57 16.21 14.6 17.67 16.95 13.87 7.03 11.9 20.13 17.52 9.38 7.87 8.89 10.84 8.82 5.61 11.67 10.84 15.78 11.34 7.89 15.12 17.14 14.47 10.11 15.32 4.73 13.2 8.67 6.48 19.23 9.08 14.58 16.76 15.64 
20.18 10.76 26.25 3.59 23.2 28.61 16.55 18.36 15.98 31.35 26.77 29.63 20.26 0 12.8 17.04 14.4 18.17 15.82 9.65 20.56 31.07 17.41 23.17 10.15 21.21 30.91 22.46 6.73 8.25 19.29 18.87 28.96 15.45 3.44 8.49 11.76 11.98 3.24 29.45 21.14 8.06 15.12 14.72 23.15 14.57 25.17 29.63 21.94 2.6 26.01 12.08 8.37 8.59 19.57 10.37 10.04 3.39 19.04 16.47 29.5 21.44 20.73 21.68 29.2 14.97 7.25 34.57 3.39 11.04 9.18 27.27 15.46 17.45 16.41 28.48 22.85 17.03 24.52 18.5 23.64 24.92 21.23 4.54 20.01 19.4 17.26 9.58 11.11 25.31 18.2 15.64 26.18 28.04 26.13 5.54 21.89 21.63 19.2 9.65 
8.2 6.11 17.6 9.22 24.98 24.84 16.81 17.05 21.6 26.44 16.62 16.96 14.67 12.8 0 4.4 6.03 19.51 6.87 8.85 23.08 24.35 19.63 24.53 5 20.63 25.02 16.27 13.93 8.08 24.81 18.96 16.31 20.41 11.18 17.11 3.03 5.17 10.75 17.18 20.7 14.77 16.68 3.21 14.87 13.84 20.41 17.59 22.02 11.32 19.26 14.71 4.44 5.87 9.7 14.37 15.65 9.43 13.5 12.68 16.75 9.35 13.12 17.39 21.92 14.86 5.55 28.62 12.85 2.82 14.66 20.85 3.68 24.96 22.83 19.51 21.19 17.87 23.91 18.98 20.04 13.43 9.61 10.85 21.58 19.04 4.46 3.9 16.97 23.81 22.75 10.72 14.38 23.3 21.08 8.15 21.39 24.5 6.49 3.19 
6.43 9.93 17.37 13.48 28.07 26.31 20.02 19.84 25.54 27.4 15.51 13.31 16.27 17.04 4.4 0 8.37 22.77 8.49 11.32 26.42 24.65 23.07 27.54 9.09 23.35 25.65 17.42 18.27 11.11 28.64 21.97 12.7 24.3 15.07 21.45 6.88 6.94 14.71 14.1 23.45 19.06 20.17 2.87 15.13 17.1 21.78 14.75 24.84 15.33 19.87 18.55 8.74 9.24 9.79 18.43 19.81 13.7 15.28 15.23 12.88 7.18 13.99 19.19 22.1 18.16 9.81 29.06 17.25 6.17 18.85 21.5 4.52 29.07 26.85 18.94 23.57 21.12 26.45 22.07 21.87 11.46 8.02 15.25 24.78 21.93 1.26 7.61 21.1 26.09 26.49 13.22 11.99 24.49 22.3 12.02 24.1 27.86 2.17 7.41 
6.79 3.73 12.46 11.15 19.71 18.81 11.72 11.48 17.89 20.48 12.42 16.59 8.65 14.4 6.03 8.37 0 14.47 1.42 14.08 18.13 18.66 14.87 19.18 4.31 15.01 19.17 10.33 12.51 12.9 20.77 13.61 15.91 16.57 14.18 15.45 3.69 11.05 13.62 15.68 15.1 12.82 12.05 8.88 9.47 8.86 14.39 15.63 16.48 13.96 13.49 10.92 7.56 10.64 5.18 11.29 12.94 11.27 7.47 6.9 16.88 7.99 7.4 11.36 16.35 9.92 8.46 22.82 12.96 8.35 12.17 15.04 3.88 21.74 19.33 14.58 15.35 12.83 18.17 13.73 14.02 10.71 7.33 10.72 16.45 13.56 7.45 8.73 14.06 17.94 18.51 4.88 12.1 17.3 15.09 11.65 15.76 19.58 9.53 7.28 
20.15 13.48 16.93 17.46 5.55 12.19 2.75 3.97 6.52 15.53 19.8 28.82 10.05 18.17 19.51 22.77 14.47 0 14.75 24.42 3.67 17.36 1.33 5.26 14.79 3.71 16.22 11.45 11.57 22.78 7.67 1.85 28.21 5.44 20.57 11.52 16.48 23.38 20.02 26.8 3.54 10.37 3.18 22.7 14.8 5.69 10.78 26.15 3.87 19.82 13.94 6.15 17.95 21.2 16.16 7.79 8.44 17.36 9.91 8.11 29.56 21.02 13.04 8.53 16.72 4.65 17.95 19.32 14.81 20.67 9.09 14.24 18.34 10.54 8.03 18.81 5.83 1.65 6.51 1.28 8.47 21.47 19.83 14.02 2.1 2.57 21.91 20.12 7.88 7.66 5.34 9.92 23.03 12.71 11.73 20 4.14 5.11 23.99 18.75 
5.8 5.12 11.15 12.57 19.82 18.1 12.02 11.5 18.61 19.58 11 15.48 7.94 15.82 6.87 8.49 1.42 14.75 0 15.25 18.41 17.55 15.26 19.25 5.73 14.93 18.15 9.41 13.74 14.13 21.37 13.73 14.81 17.27 15.59 16.62 4.92 12.01 15.02 14.42 15.05 13.98 12.55 9.44 8.21 9.29 13.62 14.32 16.45 15.37 12.42 11.73 8.89 11.86 3.75 12.27 13.96 12.69 6.85 6.85 15.86 6.92 6.28 10.78 15.17 10.34 9.82 21.77 14.33 9.39 13.26 13.99 4.01 22.56 20.09 13.23 15.08 13.14 17.97 13.91 13.46 9.36 6.12 12.1 16.66 13.6 7.44 9.9 15.02 17.6 19.07 4.87 10.79 16.47 14.25 13.01 15.67 19.85 9.35 8.5 
16.89 12.04 26.32 7.63 29.92 32.3 22.09 23.12 24.21 34.34 25.48 24.58 22.42 9.65 8.85 11.32 14.08 24.42 15.25 0 27.55 32.74 24.09 29.68 10.67 26.56 33.19 24.31 14.81 1.66 27.61 24.48 23.98 23.35 6.31 17.48 10.39 4.39 6.41 25.39 26.57 16.11 21.26 8.45 23.46 19.33 28.1 25.97 27.7 7.07 27.57 18.49 6.92 3.51 18.47 17.31 17.79 7.83 21.17 19.54 24.03 17.95 21.48 24.79 30.42 20.14 6.57 36.87 12 6.04 16.75 29.1 12.53 26.46 24.99 28.29 27.65 22.93 30 24.3 27.28 22.15 18.37 11.27 26.49 24.78 12.17 5.36 19.11 30.3 26.06 17.88 22.97 31.07 28.9 4.73 27.33 28.84 13.29 6.81 
23.77 17.01 19.76 20.33 2.73 12.94 6.42 7.33 6.04 16.37 22.87 32.28 13.27 20.56 23.08 26.42 18.13 3.67 18.41 27.55 0 19.02 3.5 2.99 18.28 5.28 17.57 14.37 13.83 25.9 5.39 4.94 31.68 5.67 23.26 12.98 20.05 26.78 22.74 30.14 5.06 12.51 6.46 26.29 17.92 9.32 12.78 29.43 4.2 22.46 16.37 9.06 21.28 24.45 19.71 10.4 10.52 20.2 13.31 11.72 33.06 24.62 16.37 11.28 18.83 8.27 21.19 20.23 17.16 24.12 11.39 16.36 22 9.1 7.08 21.47 7.17 5.3 6.17 4.6 10.46 24.87 23.4 16.74 1.93 5.38 25.57 23.49 9.57 7.82 3.74 13.57 26.42 14.06 13.61 23 5.14 1.44 27.66 22.17 
18.53 21.21 7.49 28.64 17.89 6.92 16.69 14.31 23.87 4.63 10.63 21.4 10.83 31.07 24.35 24.65 18.66 17.36 17.55 32.74 19.02 0 18.69 17.08 22.41 13.94 2.08 8.67 26.04 31.52 24.37 15.56 21.1 22.78 31.99 27.46 22.36 29.51 31.38 18.31 14.15 25.36 18.55 26.5 9.56 17.16 6.63 17.08 14.82 31.53 5.2 20.73 26.08 29.28 14.92 22.48 23.97 28.67 12.08 14.62 22.73 18.34 11.27 9.74 2.58 17.25 26.82 4.45 28.38 26.94 24.05 3.81 20.97 27.78 25.35 6.81 11.88 17.08 13.4 16.15 8.89 15.21 17.08 26.57 17.42 14.81 23.39 27.39 24.08 11.7 22.35 15.54 16.04 5.05 5.64 29.92 13.91 19.78 24.34 25.94 
20.79 13.55 18.1 16.95 5.88 13.49 3.34 5.07 5.19 16.84 20.88 29.67 11.11 17.41 19.63 23.07 14.87 1.33 15.26 24.09 3.5 18.69 0 5.77 14.8 5 17.56 12.62 10.74 22.44 6.58 3.15 29.05 4.11 19.96 10.43 16.61 23.28 19.43 27.73 4.82 9.48 2.97 22.84 15.88 6.01 12.11 27.12 4.97 19.18 15.21 5.62 17.78 20.95 16.92 7.09 7.51 16.83 10.87 8.83 30.36 21.72 14.02 9.77 18.03 4.95 17.7 20.64 14.03 20.62 8.25 15.55 18.71 9.26 6.72 20.02 7.14 2.27 7.59 2.57 9.8 22.38 20.56 13.41 2.6 3.89 22.27 19.99 6.81 8.85 4.21 10.52 23.95 14.05 13.06 19.57 5.37 4.89 24.39 18.66 
24.25 18.59 18.85 22.67 0.83 10.59 7.76 7.75 9.02 13.98 22.2 32.18 13.06 23.17 24.53 27.54 19.18 5.26 19.25 29.68 2.99 17.08 5.77 0 19.93 4.56 15.45 13.71 16.48 28.04 7.95 5.59 31.62 8.63 25.72 15.86 21.51 28.57 25.19 29.83 4.39 15.19 8.42 27.7 17.43 10.72 11.29 29.02 3 24.95 15.12 11.33 23.18 26.45 20 12.86 13.21 22.56 13.38 12.4 33.08 24.98 16.23 10.59 17.23 9.74 23.2 17.81 19.79 25.83 14 14.84 23.05 11.84 9.99 20.34 5.72 6.79 3.71 5.56 9.12 24.71 23.69 19.17 3.21 5.64 26.6 25.34 12.36 5.44 6.67 14.38 26.22 12.03 11.99 25.24 4.01 2.94 28.6 23.95 
10.26 1.4 16.63 6.84 20.32 21.63 12.17 12.77 16.6 23.71 16.73 20 11.83 10.15 5 9.09 4.31 14.79 5.73 10.67 18.28 22.41 14.8 19.93 0 16.32 22.69 13.81 9.35 9.26 19.81 14.44 19.32 15.41 9.91 12.5 2.23 8.67 9.34 19.49 16.36 10.02 11.83 8.18 13.58 9.22 17.46 19.58 17.61 9.66 17.21 9.73 3.76 7.16 9.47 9.39 10.72 6.97 10.56 8.89 20.08 11.53 11.33 14.12 20.22 10.19 4.41 26.39 9.05 5.91 9.76 18.67 5.83 20.01 17.84 18.79 17.18 13.17 19.71 14.39 16.62 14.79 11.17 6.84 16.88 14.62 8.71 5.6 12.02 19.84 17.78 7.21 16.09 20.43 18.28 7.53 17.09 19.69 10.93 4.11 
19.76 14.93 14.56 20.08 5.29 8.49 4.67 3.58 10.04 11.85 17.78 27.63 8.5 21.21 20.63 23.35 15.01 3.71 14.93 26.56 5.28 13.94 5 4.56 16.32 0 12.66 9.27 14.82 24.98 10.49 2.36 27.06 9.08 23.33 15.11 17.66 24.98 22.75 25.31 0.22 13.72 6.17 23.73 12.93 7.24 7.53 24.52 1.58 22.62 11.09 9.16 19.81 23.19 15.47 10.95 11.88 20 8.84 8.12 28.52 20.45 11.67 6.14 13.58 6.47 20 15.65 17.93 22.2 12.39 11.11 18.83 13.84 11.46 16.21 2.15 4.24 3.44 2.82 5.2 20.16 19.16 16.86 3.51 1.82 22.35 21.87 11.46 4.13 8.41 10.14 21.67 9.13 8.41 22.39 0.77 6.37 24.28 20.42 
19.71 21.43 8.92 28.66 16.25 5.03 15.85 13.49 22.69 2.57 12.3 23.21 10.89 30.91 25.02 25.65 19.17 16.22 18.15 33.19 17.57 2.08 17.56 15.45 22.69 12.66 0 8.89 25.57 31.9 22.95 14.48 22.88 21.66 32.04 26.76 22.84 30.16 31.43 20.16 12.87 24.8 17.71 27.34 10.52 16.67 5.85 18.94 13.39 31.54 5.79 20.1 26.41 29.7 15.86 21.89 23.29 28.68 12.17 14.46 24.51 19.63 11.9 9.27 4.14 16.63 27.09 3.71 28.08 27.51 23.46 4.18 21.77 26.48 24.12 8.6 10.54 16.11 11.75 15.06 7.89 16.77 18.33 26.37 16.07 13.73 24.39 27.86 23.29 10.02 21.02 15.62 17.7 3.53 4.85 30.13 12.54 18.24 25.49 26.38 
12.19 12.58 5.49 19.96 14.5 8.92 9.72 7.55 17.61 10.17 8.52 18.67 2.22 22.46 16.27 17.42 10.33 11.45 9.41 24.31 14.37 8.67 12.62 13.71 13.81 9.27 8.89 0 17.79 23.01 19.11 9.66 18.15 16.32 23.31 19.59 13.97 21.37 22.71 16.17 9.47 17.27 11.4 18.79 3.75 9.18 4.39 15.31 10.75 22.86 3.56 12.91 17.53 20.81 7.85 14.5 16.14 20 3.42 6.13 19.67 12.52 3.47 3.13 6.76 9.57 18.22 12.58 19.88 18.68 16.03 4.88 13.23 21.8 19.2 7.46 8.14 10.5 11 10.17 5.16 11.23 11.14 17.99 12.45 9.06 16.21 18.98 16.52 9.96 16.78 6.87 12.66 7.09 4.88 21.29 9.71 15.58 17.65 17.5 
19.22 9.01 22.41 7.18 16.49 22.69 10.28 12.36 9.5 25.67 23.75 29.05 15.59 6.73 13.93 18.27 12.51 11.57 13.74 14.81 13.83 26.04 10.74 16.48 9.35 14.82 25.57 17.79 0 13.17 12.88 12.46 28.37 8.81 9.61 3.18 11.56 15.5 9.15 28.16 14.73 1.36 8.66 16.78 19.38 8.9 19.72 28.04 15.41 8.77 21.28 5.71 10.19 12.4 17.17 3.88 3.31 6.99 14.53 11.67 29.25 20.45 16.93 16.34 24.5 9.01 9.52 29.13 3.34 13.47 2.49 22.31 15.13 11.73 10.18 24.65 16.62 10.58 18.03 12.04 17.91 23.05 19.83 3.6 13.34 13.06 18.01 12.29 4.46 18.95 11.57 11.57 24.51 22.43 20.72 10.09 15.46 14.9 20.22 11.5 
16.26 10.6 25.26 6 28.28 30.86 20.48 21.56 22.55 32.97 24.61 24.42 21.08 8.25 8.08 11.11 12.9 22.78 14.13 1.66 25.9 31.52 22.44 28.04 9.26 24.98 31.9 23.01 13.17 0 25.96 22.87 23.8 21.69 5.06 15.88 9.22 4.46 5.04 25.02 24.98 14.46 19.62 8.29 22.34 17.74 26.72 25.53 26.1 5.73 26.33 16.83 5.5 2.29 17.49 15.64 16.13 6.2 19.81 18.08 23.96 17.38 20.29 23.36 29.24 18.54 5.02 35.59 10.41 5.3 15.08 27.83 11.72 24.84 23.34 27.29 26.1 21.31 28.42 22.69 25.82 21.51 17.69 9.62 24.85 23.19 11.83 4.3 17.45 28.75 24.4 16.47 22.42 29.69 27.53 3.09 25.74 27.18 13.19 5.63 
27.06 18.76 24.58 20.02 7.33 18.32 9.86 11.62 3.4 21.75 27.45 36.15 17.68 19.29 24.81 28.64 20.77 7.67 21.37 27.61 5.39 24.37 6.58 7.95 19.81 10.49 22.95 19.11 12.88 25.96 0 9.45 35.53 4.41 22.43 10.87 21.87 27.7 22 34.28 10.27 11.54 8.86 27.99 22.44 12.13 18.02 33.69 9.57 21.58 21.46 10.11 22.13 24.91 23.36 10.6 9.83 19.84 17.45 15.29 36.8 28.04 20.6 16.14 24.06 11.13 21.77 25.6 16.06 25.27 10.88 21.59 24.49 3.96 3.02 26.43 12.5 8.84 11.49 8.93 15.69 28.92 26.95 16.35 6.98 10.09 27.98 24.37 8.5 13.17 2.38 16.83 30.49 19.44 18.89 22.89 10.46 5.02 30.17 23.24 
18.92 13.08 15.13 17.83 6.11 10.64 2.4 2.39 8.34 13.91 18.07 27.34 8.38 18.87 18.96 21.97 13.61 1.85 13.73 24.48 4.94 15.56 3.15 5.59 14.44 2.36 14.48 9.66 12.46 22.87 9.45 0 26.74 7.22 21.05 12.8 15.95 23.11 20.48 25.22 2.28 11.36 3.81 22.12 13.09 5.23 8.96 24.53 3.23 20.33 12.1 6.8 17.81 21.15 14.8 8.59 9.53 17.74 8.37 6.92 28.13 19.73 11.44 6.7 14.88 4.33 17.93 17.66 15.58 20.35 10.03 12.4 17.48 12.38 9.87 16.98 4.3 1.89 5.68 0.59 6.67 19.94 18.5 14.55 3.04 0.75 21.04 19.93 9.18 6.49 7.16 8.86 21.49 11 9.93 20.21 3.02 6.32 23.06 18.5 
9.15 19.38 14.28 25.38 32.36 25.88 25.71 24.36 33.08 25.32 10.65 0.68 18.57 28.96 16.31 12.7 15.91 28.21 14.81 23.98 31.68 21.1 29.05 31.62 19.32 27.06 22.88 18.15 28.37 23.8 35.53 26.74 0 31.72 27.48 31.36 17.33 19.59 27.06 3.03 27.25 28.73 26.71 15.55 14.42 23.48 21.92 4.35 28.62 27.62 18.35 26.41 20.66 21.86 12.17 27.08 28.77 25.57 18.38 20.24 1.63 7.93 15.4 21.15 18.74 24.43 21.79 25.24 28.36 18.71 28.06 19.65 13.57 37.16 34.62 14.3 26.24 26.79 29.14 27.11 23.27 6.93 8.73 26.16 29.77 26.35 12.03 20.07 29.82 28.08 33.15 18.77 5.51 23.56 21.87 24.44 27.63 33.05 10.69 19.49 
23.03 14.39 21.77 15.82 8.38 17.54 6.62 8.83 1.37 20.92 24.31 32.36 14.59 15.45 20.41 24.3 16.57 5.44 17.27 23.35 5.67 22.78 4.11 8.63 15.41 9.08 21.66 16.32 8.81 21.69 4.41 7.22 31.72 0 18.42 7.42 17.49 23.31 17.96 30.68 8.89 7.45 5.12 23.58 19.32 8.25 16.18 30.19 8.81 17.58 19.14 5.75 17.73 20.56 19.56 6.2 5.59 15.65 14.13 11.65 32.93 24.07 17.25 13.65 22.04 7.35 17.39 24.73 12.11 20.86 6.62 19.57 20.22 5.56 2.95 23.78 11.22 5.87 11.32 6.63 13.89 25.29 23.04 12.14 6.09 7.96 23.67 19.97 4.36 12.74 2.76 12.95 26.87 18.15 17.14 18.65 9.38 6.4 25.87 18.83 
19.14 10.9 26.53 3.39 25.83 30.22 18.66 20.22 19.07 32.73 26.57 28.13 21.18 3.44 11.18 15.07 14.18 20.57 15.59 6.31 23.26 31.99 19.96 25.72 9.91 23.33 32.04 23.31 9.61 5.06 22.43 21.05 27.48 18.42 0 11.78 10.96 9.21 0.61 28.3 23.29 10.97 17.43 12.48 23.46 16.33 26.46 28.63 24.22 0.86 26.82 14.42 7.02 5.98 19.29 12.88 12.87 3.4 19.92 17.63 27.86 20.36 21.15 22.98 29.93 16.9 5.92 35.74 6.37 8.9 11.91 28.19 14.36 20.79 19.62 28.7 24.79 19.29 26.72 20.75 25.17 24.16 20.37 6.56 22.52 21.5 15.51 7.47 14.07 27.35 21.18 16.45 25.29 29.4 27.38 3.06 24.04 24.41 17.23 8.03 
22.21 12.08 24.53 9.9 15.71 23.4 10.97 13.28 7.68 26.56 26.18 32.03 17.45 8.49 17.11 21.45 15.45 11.52 16.62 17.48 12.98 27.46 10.43 15.86 12.5 15.11 26.76 19.59 3.18 15.88 10.87 12.8 31.36 7.42 11.78 0 14.72 18.53 11.42 31.02 14.97 2.64 9.14 19.95 21.6 10.42 20.93 30.84 15.37 10.92 22.97 6.73 13.32 15.33 19.9 5.1 3.49 9.69 16.52 13.63 32.28 23.43 19.19 17.73 26.14 10.21 12.59 30.19 5.49 16.59 3.62 23.83 18.24 9.02 7.94 26.74 17.1 10.95 18.01 12.29 18.92 25.82 22.74 6.58 12.95 13.5 21.18 15.37 3.64 19.17 10.07 13.9 27.32 23.45 21.95 12.8 15.63 13.82 23.39 14.64 
8.42 3.11 16.07 8.26 21.95 22.27 13.79 14.09 18.71 24.08 15.69 18.01 12.19 11.76 3.03 6.88 3.69 16.48 4.92 10.39 20.05 22.36 16.61 21.51 2.23 17.66 22.84 13.97 11.56 9.22 21.87 15.95 17.33 17.49 10.96 14.72 0 7.55 10.43 17.69 17.73 12.25 13.65 6.24 13.13 10.81 17.92 17.88 19.04 10.86 17.18 11.76 4.03 6.95 8.43 11.55 12.93 8.42 10.96 9.82 18.02 9.68 11.09 14.75 20.04 11.83 5.05 26.5 11.06 4.78 11.98 18.72 3.76 22.19 19.99 18.13 18.31 14.84 20.98 15.96 17.36 13.25 9.5 8.89 18.55 16.05 6.47 5.03 14.22 20.95 19.78 7.92 14.45 20.86 18.66 8.2 18.43 21.48 8.7 3.59 
12.74 10.05 22.73 8.91 28.93 29.81 20.81 21.43 24.35 31.53 21.56 20.19 19.69 11.98 5.17 6.94 11.05 23.38 12.01 4.39 26.78 29.51 23.28 28.57 8.67 24.98 30.16 21.37 15.5 4.46 27.7 23.11 19.59 23.31 9.21 18.53 7.55 0 9.03 21.03 25.03 16.64 20.34 4.07 20.03 17.88 25.43 21.64 26.28 9.72 24.42 17.91 5.58 3.39 14.82 17.11 17.99 9.15 18.48 17.33 19.66 13.73 18.28 22.3 27.09 18.83 6.01 33.77 13.37 2.8 16.94 26 8.71 27.17 25.36 24.6 25.77 21.78 28.36 23.03 24.91 17.99 14.27 11.95 25.48 23.29 7.84 3.34 19.36 28.43 25.88 15.47 18.72 28.35 26.14 6.44 25.75 28.16 8.91 4.62 
18.65 10.3 25.95 2.78 25.3 29.62 18.09 19.63 18.63 32.13 26.01 27.71 20.58 3.24 10.75 14.71 13.62 20.02 15.02 6.41 22.74 31.38 19.43 25.19 9.34 22.75 31.43 22.71 9.15 5.04 22 20.48 27.06 17.96 0.61 11.42 10.43 9.03 0 27.84 22.71 10.51 16.87 12.18 22.87 15.74 25.86 28.15 23.65 0.69 26.22 13.88 6.53 5.73 18.73 12.35 12.39 2.8 19.32 17.03 27.46 19.88 20.56 22.38 29.33 16.32 5.41 35.13 5.97 8.56 11.42 27.59 13.87 20.44 19.21 28.12 24.2 18.73 26.15 20.18 24.57 23.65 19.86 6.02 21.99 20.93 15.11 7.1 13.6 26.76 20.72 15.85 24.79 28.8 26.77 2.71 23.47 23.91 16.88 7.58 
9.27 19.33 11.8 25.92 30.6 23.42 24.42 22.86 32.04 22.64 8.12 3.16 16.89 29.45 17.18 14.1 15.68 26.8 14.42 25.39 30.14 18.31 27.73 29.83 19.49 25.31 20.16 16.17 28.16 25.02 34.28 25.22 3.03 30.68 28.3 31.02 17.69 21.03 27.84 0 25.51 28.38 25.59 16.96 12.43 22.44 19.66 1.32 26.84 28.36 15.94 25.63 21.33 22.95 11.25 26.48 28.21 26.09 16.88 19.05 4.57 8.01 13.78 19.26 16.03 23.33 22.46 22.37 28.51 19.78 27.59 17.13 14.01 36.2 33.62 11.56 24.31 25.46 27.14 25.63 21.19 5.38 8.36 26.28 28.21 24.77 13.22 21.05 29.16 25.97 31.9 17.8 3.81 21.08 19.51 25.31 25.83 31.46 12.31 20.28 
19.91 14.97 14.77 20.04 5.11 8.67 4.63 3.65 9.84 12.03 17.99 27.81 8.68 21.14 20.7 23.45 15.1 3.54 15.05 26.57 5.06 14.15 4.82 4.39 16.36 0.22 12.87 9.47 14.73 24.98 10.27 2.28 27.25 8.89 23.29 14.97 17.73 25.03 22.71 25.51 0 13.62 6.07 23.81 13.14 7.25 7.75 24.72 1.42 22.58 11.31 9.08 19.83 23.21 15.62 10.86 11.76 19.97 9 8.22 28.7 20.61 11.85 6.34 13.8 6.46 20.01 15.84 17.85 22.24 12.29 11.33 18.93 13.63 11.26 16.43 2.34 4.15 3.45 2.7 5.42 20.35 19.32 16.8 3.29 1.8 22.46 21.91 11.33 4.23 8.19 10.24 21.86 9.34 8.63 22.37 0.76 6.15 24.4 20.45 
19.59 9.51 22.08 8.49 15.18 21.74 9.26 11.44 8.15 24.78 23.62 29.41 15.1 8.06 14.77 19.06 12.82 10.37 13.98 16.11 12.51 25.36 9.48 15.19 10.02 13.72 24.8 17.27 1.36 14.46 11.54 11.36 28.73 7.45 10.97 2.64 12.25 16.64 10.51 28.38 13.62 0 7.56 17.71 19.1 8.2 18.94 28.2 14.23 10.13 20.72 4.74 11.23 13.61 17.27 2.91 1.99 8.31 14.11 11.22 29.67 20.81 16.67 15.62 23.91 8.17 10.64 28.31 4.68 14.5 1.36 21.67 15.7 10.54 8.88 24.3 15.58 9.48 16.86 10.92 17.05 23.19 20.1 4.85 12.08 11.99 18.72 13.38 3.1 17.85 10.21 11.35 24.68 21.58 19.95 11.38 14.33 13.56 20.95 12.5 
18.2 10.58 16.78 14.3 8.67 14.27 1.86 4.24 6.48 17.43 19.21 27.35 9.55 15.12 16.68 20.17 12.05 3.18 12.55 21.26 6.46 18.55 2.97 8.42 11.83 6.17 17.71 11.4 8.66 19.62 8.86 3.81 26.71 5.12 17.43 9.14 13.65 20.34 16.87 25.59 6.07 7.56 0 19.89 14.24 3.28 11.94 25.08 6.82 16.68 14.44 3.04 14.86 18.07 14.54 4.79 5.77 14.2 9.02 6.55 27.97 19.19 12.14 8.98 17.49 2.28 14.81 21.07 11.8 17.66 6.22 15.08 15.86 10.68 8.07 18.85 8.03 1.93 9.41 3.39 9.83 20.21 18.1 10.88 5.23 4.43 19.4 17.06 5.59 10.3 6.52 7.97 21.78 14.34 12.95 16.82 6.8 7.85 21.55 15.71 
8.9 9.32 19.42 11.26 28.16 27.54 20 20.16 24.76 28.93 17.9 16.15 17.38 14.72 3.21 2.87 8.88 22.7 9.44 8.45 26.29 26.5 22.84 27.7 8.18 23.73 27.34 18.79 16.78 8.29 27.99 22.12 15.55 23.58 12.48 19.95 6.24 4.07 12.18 16.96 23.81 17.71 19.89 0 16.94 17.03 23.05 17.59 25.15 12.82 21.55 17.9 6.73 6.55 11.59 17.5 18.71 11.49 16.27 15.71 15.67 9.8 15.48 20.19 24 18.05 7.68 30.86 15.33 3.69 17.7 23.16 5.58 28.03 25.96 21.15 24.2 21.06 26.98 22.15 22.86 14.09 10.47 13.5 24.77 22.18 3.82 5.15 20.05 26.8 25.95 13.71 14.73 25.88 23.66 9.47 24.5 27.71 4.9 5.37 
9.26 12.57 3.11 20.24 18.2 11.97 12.74 10.83 20.65 12.42 5.01 14.93 4.77 23.15 14.87 15.13 9.47 14.8 8.21 23.46 17.92 9.56 15.88 17.43 13.58 12.93 10.52 3.75 19.38 22.34 22.44 13.09 14.42 19.32 23.46 21.6 13.13 20.03 22.87 12.43 13.14 19.1 14.24 16.94 0 11.52 7.66 11.59 14.45 23.13 4.8 15.19 17.03 20.07 5.37 16.55 18.28 20.32 5.25 8.05 15.97 9.33 2.46 6.84 7.07 12.16 17.9 13.94 20.98 17.54 17.98 6.41 11.42 24.87 22.26 5.34 11.88 13.66 14.74 13.56 8.85 7.53 7.98 18.9 15.99 12.56 13.88 18.11 18.88 13.65 20.08 7.82 8.92 9.83 7.82 21.07 13.42 19.19 14.99 16.71 
14.93 7.87 14.28 13 11.14 14.05 2.98 3.9 9.62 16.86 16.38 24.12 7.08 14.57 13.84 17.1 8.86 5.69 9.29 19.33 9.32 17.16 6.01 10.72 9.22 7.24 16.67 9.18 8.9 17.74 12.13 5.23 23.48 8.25 16.33 10.42 10.81 17.88 15.74 22.44 7.25 8.2 3.28 17.03 11.52 0 10.82 21.98 8.42 15.67 12.55 3.74 12.6 15.96 11.31 5.35 6.96 12.95 6.28 3.51 24.71 15.92 9.25 7.44 15.73 1.06 12.76 20.24 11.52 15.13 6.91 13.47 12.71 13.76 11.18 16.45 8.48 4.04 10.68 5.17 9.11 17.05 14.84 10.05 7.75 5.46 16.27 14.7 7.4 11.09 9.8 4.72 18.63 13.58 11.82 15.19 8 10.76 18.39 13.28 
16.56 16.12 7.98 23.07 12.11 4.53 10.08 7.7 17.3 6.29 11.6 22.39 5.74 25.17 20.41 21.78 14.39 10.78 13.62 28.1 12.78 6.63 12.11 11.29 17.46 7.53 5.85 4.39 19.72 26.72 18.02 8.96 21.92 16.18 26.46 20.93 17.92 25.43 25.86 19.66 7.75 18.94 11.94 23.05 7.66 10.82 0 18.66 8.64 25.92 3.94 14.25 21.22 24.59 12.24 16.04 17.46 23.08 6.96 8.83 23.5 16.83 7.86 3.49 6.05 10.78 21.79 9.43 22.27 22.69 17.6 3.59 17.52 21.27 18.8 9.15 5.65 10.45 7.92 9.55 2.34 15.12 15.46 20.62 11.04 8.22 20.59 22.85 17.5 6.47 15.9 10.25 16.42 2.97 1.01 24.73 7.65 13.72 22.05 21.35 
9.5 19.33 10.73 26.13 29.79 22.32 23.84 22.19 31.55 21.45 7.06 4.46 16.17 29.63 17.59 14.75 15.63 26.15 14.32 25.97 29.43 17.08 27.12 29.02 19.58 24.52 18.94 15.31 28.04 25.53 33.69 24.53 4.35 30.19 28.63 30.84 17.88 21.64 28.15 1.32 24.72 28.2 25.08 17.59 11.59 21.98 18.66 0 26.04 28.64 14.88 25.26 21.63 23.41 10.96 26.19 27.94 26.3 16.25 18.54 5.88 8.27 13.11 18.43 14.83 22.83 22.75 21.09 28.55 20.25 27.35 16.02 14.28 35.73 33.13 10.36 23.44 24.86 26.24 24.96 20.26 5.02 8.41 26.31 27.5 24.05 13.8 21.48 28.84 25.02 31.31 17.4 3.53 19.97 18.47 25.67 25.01 30.73 13.07 20.63 
21.33 16.23 15.96 21.02 3.75 8.87 5.63 5 9.61 12.29 19.25 29.19 10.06 21.94 22.02 24.84 16.48 3.87 16.45 27.7 4.2 14.82 4.97 3 17.61 1.58 13.39 10.75 15.41 26.1 9.57 3.23 28.62 8.81 24.22 15.37 19.04 26.28 23.65 26.84 1.42 14.23 6.82 25.15 14.45 8.42 8.64 26.04 0 23.48 12.36 9.86 21.02 24.37 17.04 11.58 12.31 20.94 10.41 9.62 30.08 22.03 13.23 7.62 14.68 7.56 21.16 16.14 18.61 23.51 12.93 12.24 20.32 13.14 10.91 17.53 3 4.93 2.64 3.47 6.37 21.72 20.73 17.69 2.78 2.99 23.86 23.13 11.73 3.93 7.69 11.63 23.22 9.87 9.44 23.43 1.04 5.08 25.81 21.69 
19.14 10.56 26.22 2.91 25.04 29.62 17.95 19.56 18.22 32.18 26.37 28.28 20.71 2.6 11.32 15.33 13.96 19.82 15.37 7.07 22.46 31.53 19.18 24.95 9.66 22.62 31.54 22.86 8.77 5.73 21.58 20.33 27.62 17.58 0.86 10.92 10.86 9.72 0.69 28.36 22.58 10.13 16.68 12.82 23.13 15.67 25.92 28.64 23.48 0 26.39 13.67 7.03 6.41 19.09 12.09 12.04 2.86 19.46 17.1 28.05 20.38 20.79 22.44 29.52 16.22 5.9 35.23 5.52 9.18 11.1 27.73 14.37 19.93 18.76 28.4 24.12 18.55 26.01 20.02 24.58 24.1 20.33 5.8 21.75 20.8 15.7 7.73 13.23 26.66 20.34 16 25.27 28.85 26.85 3.36 23.33 23.6 17.5 8.14 
14.05 16.02 4.14 23.49 15.94 7.53 12.65 10.33 20.36 7.62 7.82 18.78 5.77 26.01 19.26 19.87 13.49 13.94 12.42 27.57 16.37 5.2 15.21 15.12 17.21 11.09 5.79 3.56 21.28 26.33 21.46 12.1 18.35 19.14 26.82 22.97 17.18 24.42 26.22 15.94 11.31 20.72 14.44 21.55 4.8 12.55 3.94 14.88 12.36 26.39 0 16.25 20.88 24.1 10.08 17.9 19.49 23.53 6.97 9.66 19.96 14.08 6.14 5.49 3.22 12.82 21.62 9.36 23.44 21.8 19.44 1.63 15.98 24.47 21.92 5.23 9.41 13.27 11.84 12.66 6.01 11.73 12.74 21.55 14.54 11.4 18.62 22.22 19.77 10.41 19.23 10.4 12.9 5.24 3.6 24.72 11.33 17.42 19.79 20.75 
17.52 8.65 18.01 11.35 11.5 17.01 4.57 6.7 7.02 20.05 19.97 27.07 10.82 12.08 14.71 18.55 10.92 6.15 11.73 18.49 9.06 20.73 5.62 11.33 9.73 9.16 20.1 12.91 5.71 16.83 10.11 6.8 26.41 5.75 14.42 6.73 11.76 17.91 13.88 25.63 9.08 4.74 3.04 17.9 15.19 3.74 14.25 25.26 9.86 13.67 16.25 0 12.35 15.42 14.38 1.84 3.25 11.23 9.99 7.14 27.54 18.62 12.86 11 19.41 3.48 12.17 23.58 8.78 15.34 3.38 17.1 14.49 10.83 8.41 20.18 10.92 4.95 12.44 6.42 12.32 20.27 17.68 7.87 8.12 7.37 17.92 14.58 3.69 13.28 8.06 7.87 21.83 16.85 15.26 13.96 9.82 10.36 20.13 13.34 
12.13 5.12 20.02 4.78 23.5 25.38 15.47 16.32 18.79 27.47 19.72 21.32 15.58 8.37 4.44 8.74 7.56 17.95 8.89 6.92 21.28 26.08 17.78 23.18 3.76 19.81 26.41 17.53 10.19 5.5 22.13 17.81 20.66 17.73 7.02 13.32 4.03 5.58 6.53 21.33 19.83 11.23 14.86 6.73 17.03 12.6 21.22 21.63 21.02 7.03 20.88 12.35 0 3.42 12.46 11.53 12.47 4.99 14.31 12.62 21.15 13.36 14.89 17.88 23.83 13.49 1.14 30.1 8.61 3.28 11.42 22.36 7.35 21.73 19.83 22.12 20.8 16.39 23.23 17.69 20.36 17.15 13.35 6.8 20.05 18.06 8.89 2.24 13.84 23.46 20.3 10.97 18.27 24.19 22.03 4.18 20.58 22.64 10.88 1.37 
14.07 8.54 22.98 5.56 26.74 28.79 18.79 19.72 21.52 30.83 22.34 22.49 18.91 8.59 5.87 9.24 10.64 21.2 11.86 3.51 24.45 29.28 20.95 26.45 7.16 23.19 29.7 20.81 12.4 2.29 24.91 21.15 21.86 20.56 5.98 15.33 6.95 3.39 5.73 22.95 23.21 13.61 18.07 6.55 20.07 15.96 24.59 23.41 24.37 6.41 24.1 15.42 3.42 0 15.21 14.4 15.1 5.8 17.66 16.04 22.11 15.21 18.03 21.27 26.98 16.82 3.26 33.38 10.06 3.17 14.05 25.62 9.47 24.13 22.44 25 24.21 19.67 26.62 21.01 23.77 19.29 15.47 8.81 23.29 21.43 9.83 2.02 16.46 26.87 23.21 14.36 20.24 27.55 25.39 3.08 23.96 25.77 11.38 3.36 
4.41 8.85 7.91 16.31 20.67 16.76 13.58 12.42 20.92 17.64 7.28 12.81 7.24 19.57 9.7 9.79 5.18 16.16 3.75 18.47 19.71 14.92 16.92 20 9.47 15.47 15.86 7.85 17.17 17.49 23.36 14.8 12.17 19.56 19.29 19.9 8.43 14.82 18.73 11.25 15.62 17.27 14.54 11.59 5.37 11.31 12.24 10.96 17.04 19.09 10.08 14.38 12.46 15.21 0 15.24 16.99 16.44 6.64 8.09 13.45 4.99 4.39 10.17 12.41 12.26 13.45 19.31 18 12.46 16.4 11.71 6.13 25.03 22.47 9.82 15.08 14.67 18.05 15.11 12.73 5.94 3.7 15.78 17.83 14.49 8.54 13.2 17.92 17.34 20.99 6.61 7.47 14.81 12.65 16.63 16.12 21.11 9.82 11.91 
18.04 8.51 19.45 9.94 12.95 18.85 6.4 8.53 7.28 21.87 21.22 27.74 12.36 10.37 14.37 18.43 11.29 7.79 12.27 17.31 10.4 22.48 7.09 12.86 9.39 10.95 21.89 14.5 3.88 15.64 10.6 8.59 27.08 6.2 12.88 5.1 11.55 17.11 12.35 26.48 10.86 2.91 4.79 17.5 16.55 5.35 16.04 26.19 11.58 12.09 17.9 1.84 11.53 14.4 15.24 0 1.76 9.81 11.43 8.55 28.13 19.2 14.16 12.74 21.08 5.26 11.21 25.39 7.02 14.67 1.57 18.81 14.62 10.65 8.46 21.65 12.75 6.72 14.19 8.18 14.14 21.18 18.36 6.34 9.67 9.19 17.91 13.77 2.76 15.08 8.81 8.96 22.71 18.67 17.04 12.67 11.59 11.61 20.14 12.64 
19.71 9.97 21.16 10.23 13.19 20.03 7.55 9.83 6.43 23.15 22.97 29.44 14.02 10.04 15.65 19.81 12.94 8.44 13.96 17.79 10.52 23.97 7.51 13.21 10.72 11.88 23.29 16.14 3.31 16.13 9.83 9.53 28.77 5.59 12.87 3.49 12.93 17.99 12.39 28.21 11.76 1.99 5.77 18.71 18.28 6.96 17.46 27.94 12.31 12.04 19.49 3.25 12.47 15.1 16.99 1.76 0 10.06 13.13 10.26 29.8 20.88 15.9 14.24 22.66 6.72 12.01 26.74 6.65 15.69 1.06 20.34 16.14 9.32 7.36 23.35 13.79 7.65 14.95 9.06 15.47 22.92 20.06 6.55 10.11 10.19 19.36 14.68 1.36 15.99 8.34 10.72 24.46 20 18.47 13.08 12.46 11.59 21.59 13.67 
16.83 7.76 23.42 0.24 22.71 26.82 15.35 16.84 16.44 29.34 23.69 26.23 17.85 3.39 9.43 13.7 11.27 17.36 12.69 7.83 20.2 28.67 16.83 22.56 6.97 20 28.68 20 6.99 6.2 19.84 17.74 25.57 15.65 3.4 9.69 8.42 9.15 2.8 26.09 19.97 8.31 14.2 11.49 20.32 12.95 23.08 26.3 20.94 2.86 23.53 11.23 4.99 5.8 16.44 9.81 10.06 0 16.59 14.25 26.11 18.08 17.97 19.59 26.66 13.55 3.89 32.38 4.28 7.82 9.04 24.87 12.09 18.64 17.17 25.61 21.42 16.02 23.41 17.47 21.77 21.64 17.92 3.52 19.36 18.18 13.88 6.39 11.35 23.99 18.39 13.13 22.87 26.01 24 3.12 20.73 21.41 15.85 6.3 
10.98 9.27 8.03 16.56 14.07 11.34 7.62 5.99 15.47 13.17 10.19 18.97 1.27 19.04 13.5 15.28 7.47 9.91 6.85 21.17 13.31 12.08 10.87 13.38 10.56 8.84 12.17 3.42 14.53 19.81 17.45 8.37 18.38 14.13 19.92 16.52 10.96 18.48 19.32 16.88 9 14.11 9.02 16.27 5.25 6.28 6.96 16.25 10.41 19.46 6.97 9.99 14.31 17.66 6.64 11.43 13.13 16.59 0 2.89 19.78 11.63 3.15 3.93 10.16 6.91 14.94 15.87 16.5 15.73 12.91 8.27 10.85 19.69 17.07 10.22 8.5 8.61 11.47 8.75 6.61 11.57 10.32 14.58 11.39 7.97 14.16 15.9 13.67 10.89 15.07 3.47 13.13 9.91 7.73 17.96 9.48 14.67 15.88 14.39 
12.05 7.5 10.91 14.25 12.99 12.79 5.49 4.65 13.01 15.11 12.87 20.86 3.92 16.47 12.68 15.23 6.9 8.11 6.85 19.54 11.72 14.62 8.83 12.4 8.89 8.12 14.46 6.13 11.67 18.08 15.29 6.92 20.24 11.65 17.63 13.63 9.82 17.33 17.03 19.05 8.22 11.22 6.55 15.71 8.05 3.51 8.83 18.54 9.62 17.1 9.66 7.14 12.62 16.04 8.09 8.55 10.26 14.25 2.89 0 21.54 12.92 5.74 5.37 12.88 4.3 13.08 18.14 13.78 14.54 10.02 10.82 10.71 17.2 14.6 13.11 8.51 6.59 11.28 7.15 7.75 13.66 11.74 11.96 9.9 6.76 14.24 14.45 10.83 11.14 12.92 2.02 15.24 11.78 9.74 15.94 8.87 13.15 16.2 12.95 
10.1 20.24 15.89 25.91 33.8 27.49 27.02 25.74 34.29 26.95 12.27 1.44 20.02 29.5 16.75 12.88 16.88 29.56 15.86 24.03 33.06 22.73 30.36 33.08 20.08 28.52 24.51 19.67 29.25 23.96 36.8 28.13 1.63 32.93 27.86 32.28 18.02 19.66 27.46 4.57 28.7 29.67 27.97 15.67 15.97 24.71 23.5 5.88 30.08 28.05 19.96 27.54 21.15 22.11 13.45 28.13 29.8 26.11 19.78 21.54 0 8.93 16.85 22.65 20.37 25.69 22.28 26.86 29.08 19 29.06 21.26 14.26 38.33 35.81 15.93 27.74 28.11 30.66 28.48 24.81 8.45 9.89 26.9 31.16 27.75 12.35 20.4 30.88 29.62 34.44 20 7.08 25.18 23.47 24.8 29.09 34.44 10.78 19.93 
1.26 11.49 10.86 17.91 25.65 21.26 18.38 17.37 25.43 21.69 8.47 8.6 12.18 21.44 9.35 7.18 7.99 21.02 6.92 17.95 24.62 18.34 21.72 24.98 11.53 20.45 19.63 12.52 20.45 17.38 28.04 19.73 7.93 24.07 20.36 23.43 9.68 13.73 19.88 8.01 20.61 20.81 19.19 9.8 9.33 15.92 16.83 8.27 22.03 20.38 14.08 18.62 13.36 15.21 4.99 19.2 20.88 18.08 11.63 12.92 8.93 0 9.17 15.07 15.76 16.92 14.48 22.79 20.58 12.08 20.14 15.66 6.01 29.43 26.93 12.12 20.04 19.5 23.02 20.02 17.56 4.29 1.37 18.35 22.76 19.45 6.01 13.25 21.95 22.25 25.7 11.22 5.04 19.16 17.1 17.4 21.11 26.03 6.2 12.36 
8.76 10.25 5.55 17.9 16.96 12.38 10.77 9.09 18.6 13.46 7.13 15.97 3.17 20.73 13.12 13.99 7.4 13.04 6.28 21.48 16.37 11.27 14.02 16.23 11.33 11.67 11.9 3.47 16.93 20.29 20.6 11.44 15.4 17.25 21.15 19.19 11.09 18.28 20.56 13.78 11.85 16.67 12.14 15.48 2.46 9.25 7.86 13.11 13.23 20.79 6.14 12.86 14.89 18.03 4.39 14.16 15.9 17.97 3.15 5.74 16.85 9.17 0 5.93 8.95 9.97 15.7 15.49 18.53 15.67 15.57 7.73 9.9 22.81 20.2 7.79 10.98 11.76 13.94 11.86 8.4 8.52 7.8 16.46 14.44 11 12.77 16.12 16.55 13.1 18.22 5.37 10.05 10.5 8.32 18.85 12.25 17.7 14.19 14.68 
14.58 12.76 8.49 19.59 11.37 7.53 7.17 4.83 14.88 9.75 11.65 21.69 2.96 21.68 17.39 19.19 11.36 8.53 10.78 24.79 11.28 9.74 9.77 10.59 14.12 6.14 9.27 3.13 16.34 23.36 16.14 6.7 21.15 13.65 22.98 17.73 14.75 22.3 22.38 19.26 6.34 15.62 8.98 20.19 6.84 7.44 3.49 18.43 7.62 22.44 5.49 11 17.88 21.27 10.17 12.74 14.24 19.59 3.93 5.37 22.65 15.07 5.93 0 8.51 7.52 18.4 12.9 18.82 19.53 14.31 6.12 14.78 19.02 16.45 10.29 5.09 7.78 8.03 7.24 2.68 14.22 13.72 17.14 9.38 6.05 18.05 19.6 14.41 7.18 13.86 6.91 15.69 6.42 4.45 21.29 6.59 12.47 19.71 18.09 
15.95 19.08 4.91 26.61 18.05 7.98 15.67 13.3 23.21 6.62 8.17 19.07 8.98 29.2 21.92 22.1 16.35 16.72 15.17 30.42 18.83 2.58 18.03 17.23 20.22 13.58 4.14 6.76 24.5 29.24 24.06 14.88 18.74 22.04 29.93 26.14 20.04 27.09 29.33 16.03 13.8 23.91 17.49 24 7.07 15.73 6.05 14.83 14.68 29.52 3.22 19.41 23.83 26.98 12.41 21.08 22.66 26.66 10.16 12.88 20.37 15.76 8.95 8.51 0 15.96 24.62 7.03 26.65 24.56 22.63 2.48 18.49 27.25 24.75 4.47 11.68 16.2 13.69 15.46 8.38 12.68 14.5 24.75 17.09 14.16 20.84 25.06 22.9 12.08 21.92 13.57 13.57 5.71 5.25 27.75 13.69 19.75 21.76 23.63 
15.95 8.86 14.82 13.62 10.14 13.72 1.99 3.4 8.72 16.66 17.08 25.07 7.57 14.97 14.86 18.16 9.92 4.65 10.34 20.14 8.27 17.25 4.95 9.74 10.19 6.47 16.63 9.57 9.01 18.54 11.13 4.33 24.43 7.35 16.9 10.21 11.83 18.83 16.32 23.33 6.46 8.17 2.28 18.05 12.16 1.06 10.78 22.83 7.56 16.22 12.82 3.48 13.49 16.82 12.26 5.26 6.72 13.55 6.91 4.3 25.69 16.92 9.97 7.52 15.96 0 13.6 20.14 11.82 16.09 6.82 13.63 13.77 12.9 10.3 16.94 7.9 3.01 9.91 4.21 8.91 17.94 15.82 10.51 6.73 4.66 17.33 15.62 6.96 10.44 8.78 5.7 19.52 13.43 11.79 15.91 7.22 9.71 19.45 14.21 
13.25 5.67 20.92 3.67 23.48 25.87 15.55 16.56 18.39 28.06 20.73 22.45 16.21 7.25 5.55 9.81 8.46 17.95 9.82 6.57 21.19 26.82 17.7 23.2 4.41 20 27.09 18.22 9.52 5.02 21.77 17.93 21.79 17.39 5.92 12.59 5.05 6.01 5.41 22.46 20.01 10.64 14.81 7.68 17.9 12.76 21.79 22.75 21.16 5.9 21.62 12.17 1.14 3.26 13.45 11.21 12.01 3.89 14.94 13.08 22.28 14.48 15.7 18.4 24.62 13.6 0 30.79 7.68 4.08 10.95 23.08 8.47 21.17 19.37 23.04 21.09 16.43 23.44 17.77 20.83 18.24 14.45 6.01 20.04 18.22 10.01 2.78 13.37 23.74 20.01 11.54 19.38 24.76 22.63 3.19 20.76 22.52 11.96 2.41 
22.98 25.13 11.93 32.36 18.56 7.29 19.23 16.91 25.67 3.85 14.95 25.5 14.6 34.57 28.62 29.06 22.82 19.32 21.77 36.87 20.23 4.45 20.64 17.81 26.39 15.65 3.71 12.58 29.13 35.59 25.6 17.66 25.24 24.73 35.74 30.19 26.5 33.77 35.13 22.37 15.84 28.31 21.07 30.86 13.94 20.24 9.43 21.09 16.14 35.23 9.36 23.58 30.1 33.38 19.31 25.39 26.74 32.38 15.87 18.14 26.86 22.79 15.49 12.9 7.03 20.14 30.79 0 31.71 31.15 26.96 7.78 25.3 29.28 27.03 11.08 13.51 19.38 14.13 18.23 11.27 19.58 21.53 30.03 18.9 16.92 27.8 31.53 26.66 12.43 23.83 19.32 20.34 6.74 8.45 33.83 15.41 20.71 28.78 30.05 
19.31 9.23 24.08 4.51 19.81 25.53 13.3 15.22 12.71 28.38 24.98 29.04 17.67 3.39 12.85 17.25 12.96 14.81 14.33 12 17.16 28.38 14.03 19.79 9.05 17.93 28.08 19.88 3.34 10.41 16.06 15.58 28.36 12.11 6.37 5.49 11.06 13.37 5.97 28.51 17.85 4.68 11.8 15.33 20.98 11.52 22.27 28.55 18.61 5.52 23.44 8.78 8.61 10.06 18 7.02 6.65 4.28 16.5 13.78 29.08 20.58 18.53 18.82 26.65 11.82 7.68 31.71 0 11.76 5.79 24.59 14.82 14.51 13.25 26.32 19.63 13.72 21.21 15.19 20.63 23.66 20.16 2.24 16.63 16.13 17.22 10.41 7.76 22.04 14.87 13.24 25.03 25.09 23.26 7.36 18.59 18.24 19.33 9.98 
10.96 7.27 20.33 7.59 26.21 27.04 18.08 18.64 21.95 28.82 19.44 19.34 16.95 11.04 2.82 6.17 8.35 20.67 9.39 6.04 24.12 26.94 20.62 25.83 5.91 22.2 27.51 18.68 13.47 5.3 25.27 20.35 18.71 20.86 8.9 16.59 4.78 2.8 8.56 19.78 22.24 14.5 17.66 3.69 17.54 15.13 22.69 20.25 23.51 9.18 21.8 15.34 3.28 3.17 12.46 14.67 15.69 7.82 15.73 14.54 19 12.08 15.67 19.53 24.56 16.09 4.08 31.15 11.76 0 14.65 23.37 6.49 24.98 23.04 22.28 22.97 19.06 25.57 20.29 22.13 16.21 12.4 10.05 22.77 20.52 6.68 1.46 17.05 25.63 23.37 12.68 17.11 25.62 23.42 5.85 22.97 25.51 8.33 2.03 
