100 4950
3.94 7.63 9.3
162132
9 67 96 84 56 1 99 6 51 90 5 17 96 23 36 93 97 17 93 3 52 33 49 30 74 77 63 63 50 14 75 14 26 14 98 80 34 4 81 32 63 65 62 42 18 81 72 9 78 95 42 96 75 21 71 15 47 88 89 83 54 62 24 11 49 13 96 84 20 59 70 12 20 42 42 78 62 78 36 89 57 72 29 45 38 66 4 66 74 36 78 24 59 45 89 35 59 47 68 96 
0 17.36 8.23 5.06 4.22 6.31 16.12 8.52 18.04 21.5 13.51 15.2 23.3 8.68 13.61 24.41 12.77 25.37 12.03 3.93 3.4 19.72 8.4 6.44 23.09 15.37 10.55 18.25 9.29 20.07 22.72 19.48 23.79 17.81 22.35 26.97 21.38 3.81 19.38 11.72 7.93 3.36 3.6 11.3 17.35 18.41 13.55 19.68 16.47 20.3 11 18.27 23.27 4.64 20.93 22.88 21.89 9.94 16.85 24.82 22.18 5.71 18.88 26.58 2.44 23.99 13.14 12.61 21.03 18.85 11.36 8.63 10.67 11.99 14.01 16.85 7.65 15.98 5.33 9.57 25.29 24.26 25.2 8.88 8.73 20.84 19.9 21.4 12.75 15.43 5.3 20.33 8.1 29.11 9.31 19.69 9.7 14.66 12.16 24.63 
17.36 0 14.56 12.61 21.54 22.08 28.93 25.8 14.21 32.8 28.71 4.81 15.25 25.74 4.97 35.61 6.79 21.74 16.29 20.65 19.99 19.54 15.89 23.6 29.17 3.63 6.81 31.13 26.45 10.7 20.16 30.76 15.47 4.36 33.88 22.61 27.01 14.51 27.5 8.11 25.28 20.13 19.17 6.28 1.25 15.43 7.71 25.89 18.72 23.1 24.82 2.88 28.85 14.44 33.23 17.82 12.23 26.13 11.63 24.91 27.91 21.18 24.75 22.06 18.91 22.03 13.1 4.76 32.35 30.71 8.08 9.52 19.99 19.37 6.31 9.39 13.62 21.73 21.73 14.78 18.7 20.5 19.96 10.04 14.28 30.41 2.61 18.81 7.34 2.1 12.1 13.29 22.1 24.43 25.63 30.94 10.1 19.43 28.33 24.28 
8.23 14.56 0 5.39 11.5 14.5 14.38 14.03 10.01 18.52 14.54 10.54 15.54 15.99 9.64 21.42 7.97 17.15 4.03 8.91 8.37 11.59 1.34 13.82 16.96 14.37 9.11 16.58 16.37 13.03 14.5 16.44 16.05 16.99 19.57 18.74 14.95 4.8 14.12 6.58 14.09 8.65 7.06 10.59 13.96 10.25 7.8 13.41 8.51 12.77 10.44 14.13 16.93 3.81 18.76 14.73 14.65 12.72 9.29 16.91 15.84 8.13 12.39 18.35 7.73 15.82 5.12 10.39 18.05 16.27 6.52 10.22 5.57 5.55 8.92 9.99 12.66 9.16 13.42 1.36 17.2 16.03 17 4.71 0.55 16.57 16.57 13.17 7.57 13.3 6.33 12.64 8.03 20.88 17.2 16.63 12.28 7.25 14.71 16.64 
5.06 12.61 5.39 0 9.26 10.97 17.9 13.24 13.9 22.72 16.59 10.14 18.77 13.75 8.58 25.68 7.72 21.76 9.36 8.03 7.37 16.61 6.32 11.51 22.23 11.15 5.9 20.14 14.35 15.23 19.22 20.63 19.25 13.74 23.71 23.27 20.26 1.98 19.12 6.71 12.82 7.52 6.61 6.98 12.47 14.48 8.56 18.68 13.77 18.13 13.12 13.28 22.24 2.35 22.61 18.84 17.1 13.64 12.33 22.11 21.14 8.73 17.7 22.83 6.3 20.71 9.19 7.86 22.24 20.25 6.33 5.35 10.16 10.7 8.96 12.02 7.27 14.5 10.2 6.65 21.08 20.57 21.24 3.92 5.66 21.27 15.07 17.8 7.71 10.81 1 15.8 10.16 25.42 14.24 20.83 7.23 12.63 15.88 21.79 
4.22 21.54 11.5 9.26 0 4.04 15.16 4.72 21.51 20.76 11.43 19.39 26.97 4.58 17.82 23.53 16.94 28.34 14.84 3.17 3.4 22.45 11.27 2.35 24.03 19.4 14.73 17.06 5.11 24 25.65 18.9 27.48 21.75 21.45 29.98 22.58 7.78 19.98 15.84 3.87 3.1 4.72 15.4 21.56 21.72 17.63 20.87 19.03 22.33 10.23 22.48 24.34 8.43 19.8 26.19 25.78 7.5 20.59 27.12 23.28 5.38 20.25 29.63 3.78 26.74 16.6 16.8 20.3 18.07 15.5 12.54 12.22 13.92 18.17 20.8 10.52 17.72 2.75 12.72 28.7 27.31 28.42 12.98 12.05 20.81 24.09 24.42 16.88 19.58 9.52 24.03 7.99 32.08 5.77 19.1 13.27 16.86 9.47 27.03 
6.31 22.08 14.5 10.97 4.04 0 19.09 7.42 24.36 24.7 15.06 20.78 29.57 4.45 19.09 27.42 18.56 31.62 18.18 7.13 7.22 25.87 14.54 3.42 28.04 19.41 15.51 20.91 5.3 26.2 28.95 22.88 30.06 21.49 25.35 33.23 26.54 10.08 24.02 17.66 6.2 6.93 8.4 15.8 22.33 24.72 19.52 24.83 22.53 26.07 14.24 23.5 28.33 10.95 23.66 29.19 28.05 11.12 23.12 30.77 27.27 9.4 24.18 32.85 7.22 30.16 19.45 17.57 24.25 22.02 17.26 12.6 16.05 17.66 19.8 22.98 9.3 21.55 1.3 15.82 31.6 30.53 31.5 14.89 15.02 24.84 24.69 27.65 18.63 20.01 10.86 26.6 12.03 35.36 3.56 23.07 12.67 20.52 12.83 30.63 
16.12 28.93 14.38 17.9 15.16 19.09 0 12.6 20.2 5.61 5.09 24.74 25.59 16.79 24 8.39 22.27 22.79 13.53 12.62 12.92 17.21 13.04 16.01 11.75 28.57 23.19 2.24 16.43 25.15 20.5 3.91 26.08 31.2 6.31 24.36 11.44 16.05 7.7 20.89 13.75 13.08 12.53 24.56 28.3 19.53 21.82 10.18 14.38 14.27 5.13 28.32 12.4 15.55 4.82 22.84 26.18 8.32 21.16 18.92 11.68 10.46 10.43 24.28 13.7 20.52 17.17 24.69 5.16 2.94 20.87 23.23 9.04 10.2 23.09 22.85 23.67 10.53 17.84 14.24 25.4 22.33 24.15 19.01 14.66 6.58 30.88 20.01 21.8 27.65 18.85 23.46 8.06 25.99 19.21 4.09 24.94 11.94 7.7 19.26 
8.52 25.8 14.03 13.24 4.72 7.42 12.6 0 23.79 18.11 7.98 23.21 29.46 4.2 21.75 20.65 20.64 29.73 16.55 5.33 5.97 23.67 13.38 4.01 23.06 23.9 19 14.12 3.85 27.02 27.06 16.5 29.98 26.32 18.62 31.4 21.96 11.47 18.83 19.42 1.25 5.77 7.11 19.82 25.71 23.77 21.11 20.31 20.19 22.7 8.52 26.49 23.51 11.84 16.81 28.13 28.68 4.28 23.32 27.66 22.54 6.04 19.93 31.12 6.98 27.88 19.06 21.04 17.7 15.52 19.14 17.11 12.78 14.71 21.84 23.91 15.23 17.99 6.47 15.01 30.73 28.83 30.18 16.61 14.58 18.91 28.3 25.99 20.49 23.91 13.7 26.62 7.65 33.42 6.65 16.69 17.96 17.73 5.52 27.71 
18.04 14.21 10.01 13.9 21.51 24.36 20.2 23.79 0 22.13 22.41 9.58 5.73 26 10.44 24.51 9.03 8.27 7.43 18.86 18.35 5.5 10.43 23.83 16.06 16.36 13.33 21.99 26.36 5.39 6.15 20.43 6.25 18.32 23.24 9.6 13.99 14.31 15.71 8.7 23.98 18.64 17.02 14.62 13.03 1.24 7.48 13.36 6.15 9.51 18.22 11.97 15.57 13.41 23.25 4.95 6.03 21.73 2.59 10.7 14.81 17.76 12.27 9.11 17.74 7.97 4.92 12.91 21.77 20.82 9.13 16.41 12.08 10.33 8.57 4.84 20.35 10.13 23.34 8.85 7.24 7.01 7.37 10.39 9.46 18.96 14.74 4.71 8.47 14.38 14.46 3.26 16.82 11.71 27.19 20.55 18.41 8.29 23.37 10.08 
21.5 32.8 18.52 22.72 20.76 24.7 5.61 18.11 22.13 0 10.29 28.3 26.94 22.32 27.83 2.95 26.01 22.67 16.64 18.15 18.41 17.97 17.18 21.61 9.22 32.88 27.6 4.09 21.91 27.43 20.82 2.1 27.38 35.5 1.12 24.07 9.98 21 6.7 24.68 19.29 18.59 17.9 29.04 32.02 21.22 25.3 9.51 15.98 14.16 10.62 31.8 10.02 20.38 2.09 23.67 28.13 13.86 23.63 17.92 9.76 15.93 10.31 24.11 19.12 20.33 20.17 28.89 0.48 2.69 24.75 28.08 12.95 13.43 26.66 25.61 28.93 12.01 23.45 18.05 26.02 22.52 24.47 23.22 18.68 3.59 34.49 20.72 25.48 31.74 23.71 25.3 13.41 25.34 24.75 1.9 29.91 14.07 12.94 18.45 
13.51 28.71 14.54 16.59 11.43 15.06 5.09 7.98 22.41 10.29 0 25.04 28.07 12.16 23.99 12.7 22.44 26.37 15.1 9.61 10.11 20.46 13.35 11.76 16.67 27.72 22.36 6.22 11.69 26.83 23.89 8.9 28.58 30.32 10.7 28.02 16.1 14.61 12.48 21.06 9.21 10.17 10.24 23.56 28.28 21.97 22.34 14.66 17.24 18.21 4.24 28.61 17.27 14.42 8.85 25.8 28.14 3.95 22.82 23.09 16.45 7.99 14.66 27.86 11.11 24.22 18.52 24.14 9.9 7.82 20.93 21.62 10.35 12.09 23.45 24.13 21.14 13.87 13.91 14.88 28.44 25.74 27.42 18.7 14.97 11.68 30.93 23.16 22.08 27.15 17.41 25.6 6.62 29.81 14.62 9.06 23.04 14.62 2.65 23.33 
15.2 4.81 10.54 10.14 19.39 20.78 24.74 23.21 9.58 28.3 25.04 0 11.64 23.87 1.76 31.07 2.62 17.46 11.68 17.89 17.24 14.8 11.81 21.64 24.37 6.85 5.7 26.89 24.49 7.1 15.66 26.3 11.97 8.74 29.4 18.5 22.21 11.75 22.8 3.99 22.89 17.43 16.21 6.33 3.8 10.78 3 21.12 13.92 18.29 20.97 3.59 24.04 11.39 28.85 13.62 8.93 22.86 6.99 20.26 23.1 17.97 19.97 17.95 16.23 17.52 8.35 4.18 27.86 26.33 4.16 9.26 15.71 14.88 1.65 4.91 13.72 17 20.17 10.5 14.9 16.2 15.91 6.62 10.17 25.77 6.19 14.26 2.97 4.82 9.99 9.21 18.46 20.44 24.21 26.47 10.73 14.7 24.98 19.65 
23.3 15.25 15.54 18.77 26.97 29.57 25.59 29.46 5.73 26.94 28.07 11.64 0 31.5 13.1 29.08 12.34 7.36 13.16 24.45 23.91 9.05 16.08 29.31 19.71 18.26 16.77 27.25 31.91 4.59 7.12 25.4 0.52 19.61 28.02 7.73 17.86 19.5 20.3 12.6 29.6 24.19 22.59 17.76 14 6.11 10.88 17.66 11.22 13.19 23.9 12.46 19.08 18.67 28.26 3.82 3.09 27.46 6.46 12.13 18.55 23.44 16.7 7.18 23.23 8.67 10.43 15.72 26.63 25.92 13.05 20.22 17.78 15.97 11.4 7.16 24.5 15.19 28.63 14.46 3.5 6.38 5.1 14.96 14.98 23.57 14.76 6.52 11.95 16.17 19.16 2.97 22.55 9.3 32.56 25.51 22 13.67 29.09 11.37 
8.68 25.74 15.99 13.75 4.58 4.45 16.79 4.2 26 22.32 12.16 23.87 31.5 0 22.26 24.84 21.46 32.58 19.13 7.21 7.66 26.61 15.65 2.25 26.99 23.34 18.99 18.32 0.85 28.58 29.9 20.7 32.01 25.55 22.82 34.24 25.77 12.35 22.8 20.38 3.06 7.37 9.01 19.51 25.85 26.16 22.19 24.09 23.15 26.1 12.53 26.86 27.4 13.01 21 30.61 30.35 8.47 25.15 31 26.4 8.91 23.62 33.92 8.27 30.89 21.11 21.07 21.9 19.71 20.03 16.44 15.98 17.83 22.69 25.38 13.59 21.41 4.17 17.16 33.14 31.6 32.79 17.53 16.54 23.05 28.33 28.72 21.42 23.72 13.91 28.58 11.13 36.32 2.47 20.88 16.8 20.83 9.63 30.97 
13.61 4.97 9.64 8.58 17.82 19.09 24 21.75 10.44 27.83 23.99 1.76 13.1 22.26 0 30.65 1.85 18.54 11.36 16.46 15.81 15.38 10.97 20.04 24.46 6 3.95 26.18 22.9 8.64 16.58 25.79 13.46 8.25 28.91 19.67 22.3 10.29 22.6 3.14 21.38 15.99 14.84 4.69 4.32 11.56 3.09 21.11 14.11 18.62 20 4.75 24.18 10.02 28.26 14.79 10.52 21.63 7.9 20.97 23.21 16.7 19.97 19.14 14.78 18.41 8.34 2.62 27.38 25.74 3.13 7.52 15.03 14.41 1.86 6.1 11.97 16.88 18.51 9.81 16.25 17.27 17.14 5.33 9.34 25.47 6.95 15.14 2.44 4.21 8.35 10.51 17.37 21.67 22.53 25.97 9.05 14.59 23.78 20.4 
24.41 35.61 21.42 25.68 23.53 27.42 8.39 20.65 24.51 2.95 12.7 31.07 29.08 24.84 30.65 0 28.82 24.29 19.39 21 21.28 20.04 20.09 24.27 10.28 35.78 30.51 6.54 24.39 29.87 22.66 5.05 29.5 38.39 2.08 25.59 11.53 23.95 8.82 27.51 21.85 21.45 20.81 31.96 34.81 23.54 28.07 11.44 18.37 16.02 13.48 34.53 11.07 23.33 3.85 25.67 30.46 16.45 26.16 19.27 11.1 18.81 12.39 25.69 22.02 21.98 22.86 31.77 3.43 5.56 27.59 31.03 15.85 16.24 29.43 28.2 31.86 14.49 26.19 20.91 27.9 24.28 26.25 26.12 21.56 5.55 37.25 22.71 28.28 34.6 26.66 27.62 16.31 26.68 27.3 4.85 32.86 16.64 15.3 19.87 
12.77 6.79 7.97 7.72 16.94 18.56 22.27 20.64 9.03 26.01 22.44 2.62 12.34 21.46 1.85 28.82 0 17.25 9.52 15.32 14.67 13.75 9.27 19.21 22.63 7.71 4.46 24.44 22.05 8.13 15.16 23.99 12.74 10.05 27.1 18.47 20.47 9.22 20.76 1.39 20.36 14.87 13.62 5.62 6.04 10.09 1.56 19.27 12.32 16.86 18.39 6.17 22.37 8.81 26.48 13.62 10.05 20.24 6.6 19.38 21.38 15.36 18.13 17.95 13.68 16.96 6.53 3.93 25.57 23.96 1.53 7.89 13.27 12.58 1.24 5.18 12.23 15.04 17.87 8.04 15.29 15.98 16.01 4.03 7.63 23.63 8.61 13.7 0.62 6.03 7.7 9.57 15.85 20.52 21.92 24.16 9.69 12.74 22.36 18.84 
25.37 21.74 17.15 21.76 28.34 31.62 22.79 29.73 8.27 22.67 26.37 17.46 7.36 32.58 18.54 24.29 17.25 0 13.5 25.39 24.99 6.07 17.1 30.56 14.17 24.31 21.6 23.98 32.81 11.24 2.69 21.54 7.46 26.03 23.65 1.68 12.77 21.84 16.04 16.97 30.18 25.29 23.64 22.87 20.5 7.39 15.7 13.2 9.54 8.62 22.6 19.14 13.42 20.87 24.33 3.94 10.28 26.83 10.67 5.4 13.21 23.81 12.57 1.49 24.59 2.33 12.58 21.09 22.45 22.31 17.4 24.67 17 15.05 16.69 12.55 28.51 12.51 30.49 15.81 4.37 1.28 2.43 18.52 16.65 19.09 21.68 3.99 16.72 22.26 22.43 8.47 22.17 3.74 34.11 21.59 26.68 12.08 27.99 4.67 
12.03 16.29 4.03 9.36 14.84 18.18 13.53 16.55 7.43 16.64 15.1 11.68 13.16 19.13 11.36 19.39 9.52 13.5 0 11.92 11.5 7.7 3.64 17.07 13.49 16.9 12.06 15.56 19.4 11.77 10.82 14.67 13.68 19.41 17.75 15.14 11.39 8.81 11.26 8.27 16.86 11.8 10.15 13.58 15.44 7.25 8.68 10 4.49 8.78 10.88 15.16 13.36 7.81 17.31 11.58 13.04 14.3 7.76 12.89 12.3 10.52 8.89 14.8 11.09 11.98 3.64 12.84 16.21 14.78 8.43 13.83 4.77 3.34 10.05 9.31 16.62 5.67 17.02 2.71 14.19 12.48 13.68 7.64 3.69 14.12 17.87 9.59 8.95 15.46 10.25 10.55 9.4 17.24 20.61 14.84 15.94 3.48 15.95 12.65 
3.93 20.65 8.91 8.03 3.17 7.13 12.62 5.33 18.86 18.15 9.61 17.89 24.45 7.21 16.46 21 15.32 25.39 11.92 0 0.66 19.43 8.47 5.2 20.91 18.98 13.9 14.66 7.51 21.79 22.7 16.2 24.96 21.49 18.92 27.04 19.42 6.18 16.91 14.09 5.2 0.57 1.86 14.84 20.49 18.98 15.78 17.71 15.99 19.18 7.53 21.21 21.21 6.51 17.39 23.42 23.49 6.01 18.18 23.99 20.14 2.31 17.08 26.71 1.75 23.72 14.02 15.89 17.68 15.46 13.81 12.42 9.05 10.79 16.51 18.65 11.52 14.56 5.83 10.02 25.97 24.39 25.58 11.29 9.47 17.91 23.1 21.51 15.16 18.82 8.6 21.55 4.97 29.12 8.82 16.41 13.61 13.75 8.24 23.92 
3.4 19.99 8.37 7.37 3.4 7.22 12.92 5.97 18.35 18.41 10.11 17.24 23.91 7.66 15.81 21.28 14.67 24.99 11.5 0.66 0 19.07 7.99 5.58 20.88 18.34 13.24 15 8 21.2 22.3 16.44 24.42 20.86 19.21 26.64 19.34 5.52 16.93 13.44 5.8 0.3 1.35 14.19 19.83 18.5 15.15 17.63 15.64 18.94 7.8 20.55 21.15 5.86 17.71 22.95 22.91 6.59 17.62 23.71 20.08 2.48 16.96 26.3 1.1 23.36 13.49 15.23 17.94 15.73 13.16 11.8 8.85 10.53 15.87 18.05 11.03 14.36 5.93 9.51 25.48 23.97 25.13 10.64 8.93 18.05 22.44 21.09 14.52 18.17 7.95 21.01 5.1 28.73 9.15 16.64 13.03 13.46 8.83 23.63 
19.72 19.54 11.59 16.61 22.45 25.87 17.21 23.67 5.5 17.97 20.46 14.8 9.05 26.61 15.38 20.04 13.75 6.07 7.7 19.43 19.07 0 11.34 24.63 10.84 21.38 17.65 18.64 26.81 10.65 3.45 16.53 9.46 23.51 19.04 7.74 8.88 16.38 11.29 13.05 24.14 19.37 17.73 19.08 18.4 4.26 12.3 8.61 3.48 4.22 16.59 17.42 10.27 15.39 19.39 5.73 10.75 20.77 7.96 5.7 9.62 17.78 7.67 7.5 18.74 4.3 7.77 17.66 17.68 17.15 13.42 20.28 10.94 8.98 13.58 10.27 23.7 6.7 24.7 10.22 8.21 5.29 6.98 13.89 11.15 14.54 20.21 2.81 13.14 19.51 17.4 7.97 16.11 9.75 28.21 16.62 22.37 6.02 21.98 5.25 
8.4 15.89 1.34 6.32 11.27 14.54 13.04 13.38 10.43 17.18 13.35 11.81 16.08 15.65 10.97 20.09 9.27 17.1 3.64 8.47 7.99 11.34 0 13.54 15.91 15.71 10.43 15.24 15.97 13.88 14.42 15.1 16.59 18.33 18.24 18.73 13.94 5.37 12.91 7.88 13.55 8.29 6.64 11.89 15.28 10.51 9.01 12.36 8.07 12.09 9.2 15.4 15.92 4.4 17.42 14.96 15.42 11.74 10.02 16.45 14.82 7.38 11.38 18.37 7.5 15.62 5.69 11.73 16.72 14.93 7.84 11.37 4.23 4.39 10.18 10.94 13.53 8.19 13.39 1.65 17.5 16.05 17.15 6.05 1.64 15.29 17.88 13.16 8.85 14.64 7.31 13.25 6.94 20.85 17.03 15.29 13.4 6.46 13.65 16.24 
6.44 23.6 13.82 11.51 2.35 3.42 16.01 4.01 23.83 21.61 11.76 21.64 29.31 2.25 20.04 24.27 19.21 30.56 17.07 5.2 5.58 24.63 13.54 0 25.62 21.29 16.82 17.73 2.86 26.34 27.87 19.87 29.82 23.56 22.21 32.21 24.28 10.1 21.48 18.14 2.79 5.27 6.92 17.39 23.68 24.03 19.95 22.58 21.19 24.32 11.38 24.66 25.98 10.77 20.46 28.49 28.12 7.85 22.94 29.17 24.95 7.14 22.03 31.87 6.09 28.92 18.93 18.9 21.17 18.95 17.79 14.4 14.18 15.96 20.45 23.14 11.84 19.66 2.55 15.02 31 29.55 30.7 15.29 14.37 22.02 26.17 26.66 19.17 21.6 11.7 26.37 9.57 34.3 3.65 20.06 14.89 18.94 9.45 29.11 
23.09 29.17 16.96 22.23 24.03 28.04 11.75 23.06 16.06 9.22 16.67 24.37 19.71 26.99 24.46 10.28 22.63 14.17 13.49 20.91 20.88 10.84 15.91 25.62 0 30.25 25.55 11.9 26.85 21.4 12.84 8.85 20.07 32.68 10.03 15.38 2.16 21.07 4.26 21.54 24 21.14 19.86 27.07 28.15 14.91 21.48 3.55 10.47 6.62 14.54 27.47 0.8 20.17 11.2 16.05 21.59 19 18.22 9.01 1.27 18.65 4.6 15.52 21.14 11.91 16.11 26.23 9.16 9.91 21.77 27.17 12.46 11.53 22.87 20.5 29.38 7.85 26.74 15.92 18.03 14.3 16.27 21.13 16.84 5.8 30.28 13.19 22.03 28.66 23.22 18.8 16.07 16.41 29.19 8.81 29.24 10.03 19.08 9.64 
15.37 3.63 14.37 11.15 19.4 19.41 28.57 23.9 16.36 32.88 27.72 6.85 18.26 23.34 6 35.78 7.71 24.31 16.9 18.98 18.34 21.38 15.71 21.29 30.25 0 5.39 30.8 24.09 13.67 22.48 30.81 18.54 2.64 33.94 25.33 28.1 13.13 28.12 8.71 23.24 18.43 17.72 4.17 4.65 17.52 9.08 26.83 20.02 24.57 24.08 6.36 30.02 13.31 33.09 20.46 15.36 24.77 13.78 26.96 29.02 19.88 25.7 24.78 17.24 24.32 14.21 4.06 32.42 30.62 8.49 6.9 19.94 19.66 7.82 11.76 10.5 22.54 19.22 14.92 21.63 23.04 22.72 9.66 14.22 30.81 5.93 21.06 8.33 2.1 10.42 16.01 21.19 27.24 22.97 30.99 6.93 20.27 27.01 26.38 
10.55 6.81 9.11 5.9 14.73 15.51 23.19 19 13.33 27.6 22.36 5.7 16.77 18.99 3.95 30.51 4.46 21.6 12.06 13.9 13.24 17.65 10.43 16.82 25.55 5.39 0 25.43 19.68 12.45 19.4 25.51 17.16 8.03 28.64 22.86 23.43 7.86 23.1 4.66 18.47 13.37 12.51 1.52 6.87 14.31 5.99 22.05 15.7 20.31 18.69 7.99 25.39 7.95 27.74 18.03 14.36 19.53 11 23.35 24.35 14.6 20.95 22.35 12.15 21.15 9.97 2.08 27.13 25.29 4.26 3.56 14.66 14.55 5.39 9.62 8.02 17.73 15.06 9.81 19.75 20.33 20.44 4.48 9.03 25.67 9.36 17.93 4.93 4.93 5.31 14.02 15.82 24.93 19.02 25.7 5.23 15.52 21.76 22.86 
18.25 31.13 16.58 20.14 17.06 20.91 2.24 14.12 21.99 4.09 6.22 26.89 27.25 18.32 26.18 6.54 24.44 23.98 15.56 14.66 15 18.64 15.24 17.73 11.9 30.8 25.43 0 17.89 27.05 21.82 3.13 27.73 33.44 4.5 25.51 12 18.29 8.24 23.06 15.32 15.14 14.68 26.8 30.48 21.25 23.95 10.98 16.03 15.37 7.26 30.46 12.62 17.79 2.75 24.34 28 9.91 23.09 19.78 12.06 12.56 11.44 25.47 15.82 21.68 19.19 26.91 3.74 2 23.06 25.46 11.18 12.21 25.23 24.84 25.83 12.07 19.69 16.4 26.85 23.62 25.5 21.23 16.85 6.23 33.04 21.45 23.96 29.87 21.08 25.24 10.24 27.02 20.77 3.23 27.16 13.7 8.86 20.19 
9.29 26.45 16.37 14.35 5.11 5.3 16.43 3.85 26.36 21.91 11.69 24.49 31.91 0.85 22.9 24.39 22.05 32.81 19.4 7.51 8 26.81 15.97 2.86 26.85 24.09 19.68 17.89 0 29.07 30.12 20.34 32.42 26.33 22.39 34.47 25.69 12.89 22.63 20.95 2.85 7.72 9.34 20.23 26.54 26.48 22.75 24.01 23.33 26.16 12.33 27.52 27.28 13.51 20.54 30.92 30.82 8.13 25.58 31.09 26.29 9.04 23.58 34.16 8.7 31.07 21.49 21.76 21.51 19.34 20.61 17.2 16.08 17.96 23.28 25.88 14.41 21.46 4.98 17.51 33.47 31.84 33.07 18.1 16.93 22.77 29.03 28.97 21.99 24.44 14.56 28.99 11.13 36.53 3.07 20.52 17.6 20.98 9.11 31.08 
20.07 10.7 13.03 15.23 24 26.2 25.15 27.02 5.39 27.43 26.83 7.1 4.59 28.58 8.64 29.87 8.13 11.24 11.77 21.79 21.2 10.65 13.88 26.34 21.4 13.67 12.45 27.05 29.07 0 10.11 25.67 4.88 15.06 28.54 11.97 19.35 16.28 21.08 8.66 27 21.46 19.95 13.33 9.45 6.5 6.82 18.75 11.5 14.81 22.59 7.97 20.88 15.57 28.46 7.31 1.92 25.61 4.02 15.17 20.16 21.16 17.66 11.41 20.39 11.93 8.32 11.23 27.06 26 9.1 15.97 16.54 15.01 7.06 3.22 20.35 15.42 25.37 12.23 8 10.06 9.3 11.32 12.49 24.32 10.44 8.98 7.84 11.57 15.47 2.88 20.76 13.74 29.38 25.8 17.65 13.43 27.46 14.46 
22.72 20.16 14.5 19.22 25.65 28.95 20.5 27.06 6.15 20.82 23.89 15.66 7.12 29.9 16.58 22.66 15.16 2.69 10.82 22.7 22.3 3.45 14.42 27.87 12.84 22.48 19.4 21.82 30.12 10.11 0 19.54 7.4 24.37 21.85 4.35 11.18 19.22 14.12 14.74 27.49 22.6 20.96 20.73 18.95 5.09 13.62 11.31 6.89 6.67 20.04 17.72 12.16 18.25 22.37 3.3 9.59 24.21 8.7 5.11 11.75 21.13 10.54 4.07 21.91 1.86 10.06 19.06 20.56 20.24 15.16 22.35 14.36 12.4 14.72 10.79 26.07 10.07 27.82 13.15 5.24 1.85 3.68 16.1 14.01 17.29 20.39 1.47 14.59 20.48 19.91 7.23 19.52 6.43 31.42 19.61 24.39 9.46 25.43 4.37 
19.48 30.76 16.44 20.63 18.9 22.88 3.91 16.5 20.43 2.1 8.9 26.3 25.4 20.7 25.79 5.05 23.99 21.54 14.67 16.2 16.44 16.53 15.1 19.87 8.85 30.81 25.51 3.13 20.34 25.67 19.54 0 25.86 33.42 3.13 23.01 9.15 18.91 5.52 22.65 17.65 16.63 15.89 26.95 30.01 19.56 23.31 8.36 14.3 12.93 8.69 29.82 9.59 18.28 2.86 22.26 26.45 12.22 21.82 17.06 9.12 13.96 9 23.01 17.11 19.21 18.24 26.82 1.62 1.14 22.71 25.98 10.87 11.42 24.66 23.75 26.87 10.3 21.61 16 24.68 21.29 23.21 21.15 16.61 3.11 32.5 19.32 23.47 29.68 21.61 23.63 11.4 24.41 23.1 0.21 27.81 12.25 11.54 17.52 
23.79 15.47 16.05 19.25 27.48 30.06 26.08 29.98 6.25 27.38 28.58 11.97 0.52 32.01 13.46 29.5 12.74 7.46 13.68 24.96 24.42 9.46 16.59 29.82 20.07 18.54 17.16 27.73 32.42 4.88 7.4 25.86 0 19.83 28.46 7.72 18.24 19.99 20.73 13.03 30.12 24.7 23.11 18.13 14.22 6.61 11.3 18.07 11.7 13.58 24.42 12.66 19.43 19.17 28.72 4.09 3.25 27.98 6.94 12.36 18.91 23.96 17.12 7.18 23.74 8.89 10.94 16.07 27.07 26.39 13.49 20.63 18.29 16.48 11.78 7.57 24.93 15.66 29.13 14.98 3.42 6.55 5.14 15.42 15.5 23.99 14.9 6.88 12.37 16.44 19.63 3.46 23.07 9.2 33.06 25.96 22.39 14.16 29.61 11.6 
17.81 4.36 16.99 13.74 21.75 21.49 31.2 26.32 18.32 35.5 30.32 8.74 19.61 25.55 8.25 38.39 10.05 26.03 19.41 21.49 20.86 23.51 18.33 23.56 32.68 2.64 8.03 33.44 26.33 15.06 24.37 33.42 19.83 0 36.56 26.94 30.52 15.72 30.65 11.16 25.61 20.94 20.29 6.76 5.61 19.52 11.31 29.29 22.36 26.86 26.71 7.2 32.42 15.92 35.72 22.12 16.58 27.33 15.73 29 31.43 22.46 28.16 26.39 19.75 26.22 16.58 6.62 35.03 33.24 10.97 9.21 22.55 22.24 9.97 13.57 12.33 25.02 21.4 17.5 23.06 24.79 24.3 12.28 16.82 33.39 5.66 22.98 10.66 4.04 12.98 17.6 23.82 28.78 25.02 33.61 8.83 22.74 29.58 28.39 
22.35 33.88 19.57 23.71 21.45 25.35 6.31 18.62 23.24 1.12 10.7 29.4 28.02 22.82 28.91 2.08 27.1 23.65 17.75 18.92 19.21 19.04 18.24 22.21 10.03 33.94 28.64 4.5 22.39 28.54 21.85 3.13 28.46 36.56 0 25.03 10.93 21.96 7.75 25.77 19.82 19.37 18.75 30.08 33.12 22.32 26.41 10.53 17.09 15.18 11.4 32.9 10.83 21.36 1.94 24.73 29.23 14.4 24.75 18.84 10.65 16.73 11.37 25.09 19.95 21.32 21.28 29.95 1.54 3.51 25.83 29.06 14.01 14.53 27.76 26.73 29.82 13.13 24.12 19.13 27.06 23.53 25.49 24.28 19.74 4.56 35.59 21.77 26.58 32.81 24.69 26.4 14.25 26.26 25.27 2.95 30.87 15.18 13.33 19.39 
26.97 22.61 18.74 23.27 29.98 33.23 24.36 31.4 9.6 24.07 28.02 18.5 7.73 34.24 19.67 25.59 18.47 1.68 15.14 27.04 26.64 7.74 18.73 32.21 15.38 25.33 22.86 25.51 34.47 11.97 4.35 23.01 7.72 26.94 25.03 0 14.11 23.41 17.5 18.27 31.85 26.94 25.29 24.09 21.36 8.82 16.91 14.65 11.22 10.14 24.26 19.93 14.61 22.45 25.78 4.88 10.79 28.5 11.87 6.41 14.49 25.48 14.08 0.56 26.23 3.85 14.08 22.25 23.87 23.81 18.71 26.01 18.68 16.73 17.83 13.6 29.93 14.15 32.11 17.41 4.34 2.71 2.67 19.95 18.24 20.48 22.38 5.58 17.95 23.26 23.91 9.34 23.85 2.15 35.75 23.05 27.99 13.76 29.66 5.75 
21.38 27.01 14.95 20.26 22.58 26.54 11.44 21.96 13.99 9.98 16.1 22.21 17.86 25.77 22.3 11.53 20.47 12.77 11.39 19.42 19.34 8.88 13.94 24.28 2.16 28.1 23.43 12 25.69 19.35 11.18 9.15 18.24 30.52 10.93 14.11 0 19.18 3.77 19.39 22.83 19.62 18.26 24.95 26 12.85 19.32 1.71 8.32 4.67 13.51 25.32 1.98 18.26 11.79 14.28 19.61 18.04 16.1 7.95 0.92 17.21 2.57 14.19 19.53 10.46 13.95 24.09 9.82 10.1 19.62 25.13 10.71 9.61 20.71 18.37 27.45 5.79 25.25 13.87 16.41 12.75 14.73 19.03 14.8 6.4 28.13 11.37 19.87 26.5 21.24 16.8 14.71 15.35 27.89 9.16 27.21 7.91 18.37 8.47 
3.81 14.51 4.8 1.98 7.78 10.08 16.05 11.47 14.31 21 14.61 11.75 19.5 12.35 10.29 23.95 9.22 21.84 8.81 6.18 5.52 16.38 5.37 10.1 21.07 13.13 7.86 18.29 12.89 16.28 19.22 18.91 19.99 15.72 21.96 23.41 19.18 0 17.75 8.07 11.14 5.7 4.66 8.96 14.32 14.74 9.85 17.54 13.3 17.45 11.2 15.03 21.14 1 20.8 19.19 18.09 11.67 13.05 21.7 20.04 6.75 16.62 22.99 4.49 20.59 9.43 9.78 20.52 18.48 7.75 7.18 8.74 9.57 10.44 13.06 8.32 13.5 9.14 6.16 21.55 20.69 21.53 5.22 5.23 19.72 16.94 17.85 9.12 12.76 2.82 16.53 8.22 25.55 13.12 19.11 8.91 11.83 13.91 21.44 
19.38 27.5 14.12 19.12 19.98 24.02 7.7 18.83 15.71 6.7 12.48 22.8 20.3 22.8 22.6 8.82 20.76 16.04 11.26 16.91 16.93 11.29 12.91 21.48 4.26 28.12 23.1 8.24 22.63 21.08 14.12 5.52 20.73 30.65 7.75 17.5 3.77 17.75 0 19.53 19.79 17.19 16 24.61 26.6 14.72 19.82 2.85 9.58 7.47 10.31 26.16 4.8 16.92 8.29 16.98 21.64 14.75 17.45 11.57 3.99 14.62 3.62 17.51 17.29 13.71 14.46 24.06 6.44 6.39 19.68 24.29 9.01 8.58 21.21 19.57 26.06 5.85 22.72 13.29 19.32 15.84 17.78 18.62 14.11 3.27 28.93 14.02 20.18 26.72 20.12 18.8 12 18.89 25.03 5.56 26.29 8.11 14.85 12.01 
11.72 8.11 6.58 6.71 15.84 17.66 20.89 19.42 8.7 24.68 21.06 3.99 12.6 20.38 3.14 27.51 1.39 16.97 8.27 14.09 13.44 13.05 7.88 18.14 21.54 8.71 4.66 23.06 20.95 8.66 14.74 22.65 13.03 11.16 25.77 18.27 19.39 8.07 19.53 0 19.18 13.66 12.36 6.04 7.41 9.66 1.86 18.13 11.35 15.94 17.01 7.55 21.31 7.58 25.12 13.48 10.57 18.9 6.47 18.73 20.3 14.04 17 17.76 12.48 16.49 5.53 4.73 24.24 22.6 0.46 7.77 11.9 11.27 2.45 5.51 11.93 13.87 16.91 6.68 15.35 15.7 15.91 2.85 6.24 22.35 10 13.27 1.07 7.19 6.83 9.71 14.47 20.36 20.95 22.83 9.72 11.58 21.01 18.23 
7.93 25.28 14.09 12.82 3.87 6.2 13.75 1.25 23.98 19.29 9.21 22.89 29.6 3.06 21.38 21.85 20.36 30.18 16.86 5.2 5.8 24.14 13.55 2.79 24 23.24 18.47 15.32 2.85 27 27.49 17.65 30.12 25.61 19.82 31.85 22.83 11.14 19.79 19.18 0 5.55 7.05 19.21 25.25 24.03 20.91 21.16 20.66 23.37 9.49 26.1 24.43 11.61 18.02 28.43 28.69 5.44 23.38 28.31 23.43 6.37 20.73 31.54 6.7 28.39 19.18 20.53 18.87 16.68 18.87 16.4 13.33 15.23 21.58 23.85 14.28 18.66 5.3 15.15 31.01 29.24 30.53 16.35 14.64 20 27.81 26.38 20.24 23.35 13.2 26.73 8.31 33.89 5.46 17.83 17.13 18.26 6.77 28.32 
3.36 20.13 8.65 7.52 3.1 6.93 13.08 5.77 18.64 18.59 10.17 17.43 24.19 7.37 15.99 21.45 14.87 25.29 11.8 0.57 0.3 19.37 8.29 5.27 21.14 18.43 13.37 15.14 7.72 21.46 22.6 16.63 24.7 20.94 19.37 26.94 19.62 5.7 17.19 13.66 5.55 0 1.65 14.29 19.99 18.79 15.37 17.9 15.94 19.24 7.97 20.73 21.42 6.08 17.86 23.24 23.17 6.58 17.89 24.01 20.35 2.67 17.24 26.6 1.22 23.66 13.77 15.37 18.12 15.9 13.37 11.85 9.14 10.83 16.08 18.3 10.97 14.65 5.65 9.8 25.78 24.27 25.43 10.84 9.21 18.27 22.59 21.39 14.73 18.29 8.07 21.28 5.31 29.03 8.84 16.83 13.04 13.76 8.81 23.93 
3.6 19.17 7.06 6.61 4.72 8.4 12.53 7.11 17.02 17.9 10.24 16.21 22.59 9.01 14.84 20.81 13.62 23.64 10.15 1.86 1.35 17.73 6.64 6.92 19.86 17.72 12.51 14.68 9.34 19.95 20.96 15.89 23.11 20.29 18.75 25.29 18.26 4.66 16 12.36 7.05 1.65 0 13.55 18.95 17.15 14.02 16.55 14.31 17.69 7.42 19.59 20.1 4.83 17.35 21.6 21.64 7.04 16.33 22.43 19.02 2.25 15.84 24.95 1.29 22.03 12.17 14.44 17.43 15.25 12.1 11.4 7.66 9.27 14.8 16.82 11.16 13.15 7.14 8.18 24.14 22.63 23.79 9.59 7.61 17.3 21.58 19.74 13.43 17.41 7.31 19.7 4.5 27.39 10.48 16.09 12.81 12.17 9.29 22.33 
11.3 6.28 10.59 6.98 15.4 15.8 24.56 19.82 14.62 29.04 23.56 6.33 17.76 19.51 4.69 31.96 5.62 22.87 13.58 14.84 14.19 19.08 11.89 17.39 27.07 4.17 1.52 26.8 20.23 13.33 20.73 26.95 18.13 6.76 30.08 24.09 24.95 8.96 24.61 6.04 19.21 14.29 13.55 0 6.61 15.64 7.18 23.57 17.2 21.81 19.98 7.98 26.91 9.17 29.15 19.23 15.21 20.6 12.22 24.77 25.87 15.71 22.47 23.57 13.09 22.5 11.45 2.17 28.57 26.71 5.66 3.29 16.12 16.05 6.37 10.67 7.63 19.25 15.47 11.32 20.85 21.59 21.63 5.99 10.52 27.16 8.89 19.26 6.15 4.22 6.25 15.1 17.06 26.13 19.35 27.15 4.41 17.04 22.84 24.27 
17.35 1.25 13.96 12.47 21.56 22.33 28.3 25.71 13.03 32.02 28.28 3.8 14 25.85 4.32 34.81 6.04 20.5 15.44 20.49 19.83 18.4 15.28 23.68 28.15 4.65 6.87 30.48 26.54 9.45 18.95 30.01 14.22 5.61 33.12 21.36 26 14.32 26.6 7.41 25.25 19.99 18.95 6.61 0 14.26 6.78 24.92 17.69 22.02 24.32 1.71 27.82 14.16 32.52 16.57 10.98 25.83 10.46 23.72 26.89 20.89 23.78 20.81 18.77 20.81 12.16 4.79 31.58 29.99 7.44 9.9 19.31 18.59 5.39 8.2 14.15 20.8 21.92 14.09 17.45 19.27 18.71 9.59 13.65 29.55 2.65 17.61 6.54 2.78 12.05 12.04 21.67 23.18 25.86 30.18 10.7 18.51 28.01 23.09 
18.41 15.43 10.25 14.48 21.72 24.72 19.53 23.77 1.24 21.22 21.97 10.78 6.11 26.16 11.56 23.54 10.09 7.39 7.25 18.98 18.5 4.26 10.51 24.03 14.91 17.52 14.31 21.25 26.48 6.5 5.09 19.56 6.61 19.52 22.32 8.82 12.85 14.74 14.72 9.66 24.03 18.79 17.15 15.64 14.26 0 8.56 12.29 5.26 8.32 17.83 13.21 14.4 13.81 22.4 4.48 6.92 21.51 3.8 9.49 13.66 17.74 11.23 8.36 17.94 6.87 5.32 14 20.87 20.01 10.07 17.3 11.72 9.89 9.71 6.07 21.13 9.27 23.66 9 6.99 6.15 6.8 11.14 9.72 17.98 15.98 3.62 9.51 15.56 15.1 4.08 16.62 10.96 27.45 19.68 19.33 7.59 23.07 8.88 
13.55 7.71 7.8 8.56 17.63 19.52 21.82 21.11 7.48 25.3 22.34 3 10.88 22.19 3.09 28.07 1.56 15.7 8.68 15.78 15.15 12.3 9.01 19.95 21.48 9.08 5.99 23.95 22.75 6.82 13.62 23.31 11.3 11.31 26.41 16.91 19.32 9.85 19.82 1.86 20.91 15.37 14.02 7.18 6.78 8.56 0 18.19 11.08 15.55 18.21 6.52 21.18 9.31 25.88 12.06 8.74 20.39 5.04 17.91 20.22 15.59 17.04 16.39 14.22 15.43 5.39 5.44 24.87 23.35 2.28 9.35 12.78 11.89 1.4 3.73 13.63 14.03 18.76 7.61 13.77 14.42 14.46 4.67 7.38 22.78 9.19 12.17 1.07 7.27 8.7 8.06 15.82 18.96 22.8 23.48 11.2 11.73 22.45 17.36 
19.68 25.89 13.41 18.68 20.87 24.83 10.18 20.31 13.36 9.51 14.66 21.12 17.66 24.09 21.11 11.44 19.27 13.2 10 17.71 17.63 8.61 12.36 22.58 3.55 26.83 22.05 10.98 24.01 18.75 11.31 8.36 18.07 29.29 10.53 14.65 1.71 17.54 2.85 18.13 21.16 17.9 16.55 23.57 24.92 12.29 18.19 0 7.39 4.65 11.89 24.33 3.6 16.64 11.14 14.24 19.17 16.44 15.3 8.8 2.5 15.5 1.15 14.66 17.82 10.87 12.79 22.79 9.27 9.19 18.34 23.62 9.02 7.99 19.59 17.51 25.84 4.32 23.54 12.38 16.53 13.01 14.96 17.61 13.3 5.98 27.14 11.28 18.67 25.29 19.67 16.33 13.01 16.07 26.2 8.4 25.69 6.56 16.85 9.21 
16.47 18.72 8.51 13.77 19.03 22.53 14.38 20.19 6.15 15.98 17.24 13.92 11.22 23.15 14.11 18.37 12.32 9.54 4.49 15.99 15.64 3.48 8.07 21.19 10.47 20.02 15.7 16.03 23.33 11.5 6.89 14.3 11.7 22.36 17.09 11.22 8.32 13.3 9.58 11.35 20.66 15.94 14.31 17.2 17.69 5.26 11.08 7.39 0 4.61 13.26 17.01 10.12 12.3 17.14 8.57 12.15 17.34 7.91 8.4 9.2 14.3 6.27 10.95 15.36 7.74 5.82 16.08 15.63 14.75 11.64 17.93 7.47 5.52 12.46 10.11 20.99 4.01 21.34 7.17 11.2 8.69 10.23 11.55 8.14 12.82 19.82 5.96 11.71 18.32 14.63 9.33 12.64 13.23 24.78 14.42 20.04 2.63 18.63 8.17 
20.3 23.1 12.77 18.13 22.33 26.07 14.27 22.7 9.51 14.16 18.21 18.29 13.19 26.1 18.62 16.02 16.86 8.62 8.78 19.18 18.94 4.22 12.09 24.32 6.62 24.57 20.31 15.37 26.16 14.81 6.67 12.93 13.58 26.86 15.18 10.14 4.67 17.45 7.47 15.94 23.37 19.24 17.69 21.81 22.02 8.32 15.55 4.65 4.61 0 14.79 21.19 6.08 16.46 15.75 9.65 14.97 19.26 11.79 4.98 5.4 17.2 3.94 10.1 18.86 6.31 10.41 20.66 13.91 13.69 16.24 22.49 10.14 8.42 16.91 14.1 25.4 4.71 24.83 11.48 11.89 8.37 10.31 16.14 12.47 10.63 24 6.72 16.24 22.82 19.03 12.18 15.06 11.72 27.97 12.99 24.61 5.65 20.1 5.14 
11 24.82 10.44 13.12 10.23 14.24 5.13 8.52 18.22 10.62 4.24 20.97 23.9 12.53 20 13.48 18.39 22.6 10.88 7.53 7.8 16.59 9.2 11.38 14.54 24.08 18.69 7.26 12.33 22.59 20.04 8.69 24.42 26.71 11.4 24.26 13.51 11.2 10.31 17.01 9.49 7.97 7.42 19.98 24.32 17.83 18.21 11.89 13.26 14.79 0 24.56 15 10.83 9.94 21.77 23.91 4.56 18.59 19.76 14.04 5.33 11.62 24.07 8.57 20.53 14.29 20.35 10.15 7.94 16.91 18.37 6.14 7.95 19.36 19.9 18.57 10.21 12.96 10.68 24.41 21.88 23.49 14.78 10.83 10.64 26.95 19.21 18.01 23.36 14.02 21.4 3.01 26.14 14.82 8.9 19.99 10.63 5.39 19.91 
18.27 2.88 14.13 13.28 22.48 23.5 28.32 26.49 11.97 31.8 28.61 3.59 12.46 26.86 4.75 34.53 6.17 19.14 15.16 21.21 20.55 17.42 15.4 24.66 27.47 6.36 7.99 30.46 27.52 7.97 17.72 29.82 12.66 7.2 32.9 19.93 25.32 15.03 26.16 7.55 26.1 20.73 19.59 7.98 1.71 13.21 6.52 24.33 17.01 21.19 24.56 0 27.09 14.77 32.4 15.2 9.41 26.35 9.46 22.6 26.2 21.43 23.19 19.38 19.51 19.58 11.7 5.97 31.37 29.87 7.68 11.25 19.28 18.4 5.24 7.15 15.6 20.32 23.01 14.08 15.93 17.93 17.27 10.05 13.76 29.19 2.81 16.42 6.56 4.44 12.97 10.67 22.01 21.7 27 29.99 12.22 18.04 28.49 21.94 
23.27 28.85 16.93 22.24 24.34 28.33 12.4 23.51 15.57 10.02 17.27 24.04 19.08 27.4 24.18 11.07 22.37 13.42 13.36 21.21 21.15 10.27 15.92 25.98 0.8 30.02 25.39 12.62 27.28 20.88 12.16 9.59 19.43 32.42 10.83 14.61 1.98 21.14 4.8 21.31 24.43 21.42 20.1 26.91 27.82 14.4 21.18 3.6 10.12 6.08 15 27.09 0 20.22 11.98 15.38 21.01 19.49 17.79 8.23 1.1 18.96 4.54 14.76 21.38 11.17 15.84 26.01 9.94 10.65 21.55 27.11 12.62 11.58 22.57 20.07 29.42 7.77 27.04 15.85 17.33 13.58 15.55 21 16.78 6.56 29.91 12.55 21.76 28.39 23.22 18.25 16.41 15.61 29.57 9.56 29.19 9.88 19.65 8.87 
4.64 14.44 3.81 2.35 8.43 10.95 15.55 11.84 13.41 20.38 14.42 11.39 18.67 13.01 10.02 23.33 8.81 20.87 7.81 6.51 5.86 15.39 4.4 10.77 20.17 13.31 7.95 17.79 13.51 15.57 18.25 18.28 19.17 15.92 21.36 22.45 18.26 1 16.92 7.58 11.61 6.08 4.83 9.17 14.16 13.81 9.31 16.64 12.3 16.46 10.83 14.77 20.22 0 20.26 18.27 17.36 11.69 12.24 20.7 19.12 6.74 15.69 22.04 4.91 19.61 8.51 9.76 19.9 17.9 7.3 7.7 7.92 8.65 10 12.37 9.21 12.55 9.96 5.17 20.65 19.73 20.6 4.78 4.25 18.97 16.8 16.89 8.65 12.77 3.33 15.71 7.9 24.59 13.9 18.48 9.55 10.86 13.89 20.45 
20.93 33.23 18.76 22.61 19.8 23.66 4.82 16.81 23.25 2.09 8.85 28.85 28.26 21 28.26 3.85 26.48 24.33 17.31 17.39 17.71 19.39 17.42 20.46 11.2 33.09 27.74 2.75 20.54 28.46 22.37 2.86 28.72 35.72 1.94 25.78 11.79 20.8 8.29 25.12 18.02 17.86 17.35 29.15 32.52 22.4 25.88 11.14 17.14 15.75 9.94 32.4 11.98 20.26 0 25.12 29.28 12.63 24.58 19.74 11.65 15.26 11.83 25.8 18.51 22 20.91 29.15 2.05 2.53 25.15 27.95 13.24 14 27.2 26.47 28.48 13.14 22.44 18.45 27.53 24.11 26.05 23.46 18.98 5.44 35.04 22.17 25.98 32.06 23.57 26.47 12.87 27.12 23.45 2.77 29.7 15.04 11.45 20.23 
22.88 17.82 14.73 18.84 26.19 29.19 22.84 28.13 4.95 23.67 25.8 13.62 3.82 30.61 14.79 25.67 13.62 3.94 11.58 23.42 22.95 5.73 14.96 28.49 16.05 20.46 18.03 24.34 30.92 7.31 3.3 22.26 4.09 22.12 24.73 4.88 14.28 19.19 16.98 13.48 28.43 23.24 21.6 19.23 16.57 4.48 12.06 14.24 8.57 9.65 21.77 15.2 15.38 18.27 25.12 0 6.47 25.67 7.03 8.32 14.92 22.1 13.36 4.35 22.41 4.88 9.76 17.37 23.39 22.87 13.93 21.25 15.78 13.86 12.95 8.72 25.27 12.31 28.14 13.47 2.65 2.76 2.43 15.33 14.2 20.21 17.75 2.96 13.11 18.39 19.41 4.54 20.83 6.9 31.92 22.35 23.2 11.18 27.1 7.56 
21.89 12.23 14.65 17.1 25.78 28.05 26.18 28.68 6.03 28.13 28.14 8.93 3.09 30.35 10.52 30.46 10.05 10.28 13.04 23.49 22.91 10.75 15.42 28.12 21.59 15.36 14.36 28 30.82 1.92 9.59 26.45 3.25 16.58 29.23 10.79 19.61 18.09 21.64 10.57 28.69 23.17 21.64 15.21 10.98 6.92 8.74 19.17 12.15 14.97 23.91 9.41 21.01 17.36 29.28 6.47 0 27.1 5.4 14.69 20.37 22.76 18.12 10.23 22.13 11.31 9.76 13.1 27.78 26.85 11.01 17.89 17.8 16.17 8.98 5.09 22.27 16.14 27.2 13.76 6.6 9.2 8.13 13.19 14.1 24.91 11.67 8.67 9.76 13.27 17.36 2.84 22.22 12.4 31.2 26.57 19.55 14.31 28.89 13.95 
9.94 26.13 12.72 13.64 7.5 11.12 8.32 4.28 21.73 13.86 3.95 22.86 27.46 8.47 21.63 16.45 20.24 26.83 14.3 6.01 6.59 20.77 11.74 7.85 19 24.77 19.53 9.91 8.13 25.61 24.21 12.22 27.98 27.33 14.4 28.5 18.04 11.67 14.75 18.9 5.44 6.58 7.04 20.6 25.83 21.51 20.39 16.44 17.34 19.26 4.56 26.35 19.49 11.69 12.63 25.67 27.1 0 21.7 24.24 18.56 4.95 16.18 28.27 7.66 24.83 17.34 21.43 13.44 11.24 18.71 18.36 9.91 11.85 21.35 22.68 17.46 14.61 9.96 13.38 28.32 26.03 27.55 16.3 13.22 14.66 28.48 23.28 19.97 24.42 14.35 24.78 4.91 30.43 10.9 12.41 19.61 14.75 2.25 24.36 
16.85 11.63 9.29 12.33 20.59 23.12 21.16 23.32 2.59 23.63 22.82 6.99 6.46 25.15 7.9 26.16 6.6 10.67 7.76 18.18 17.62 7.96 10.02 22.94 18.22 13.78 11 23.09 25.58 4.02 8.7 21.82 6.94 15.73 24.75 11.87 16.1 13.05 17.45 6.47 23.38 17.89 16.33 12.22 10.46 3.8 5.04 15.3 7.91 11.79 18.59 9.46 17.79 12.24 24.58 7.03 5.4 21.7 0 13.28 16.96 17.37 14.18 11.35 16.88 10.54 4.36 10.43 23.25 22.1 6.92 14.24 12.52 11 6.04 2.32 18.35 11.67 22.19 8.37 8.9 9.39 9.45 8.57 8.74 20.64 12.25 7.28 6.08 11.8 12.76 3.48 16.82 13.93 26.14 21.96 16.17 9.57 23.5 12.67 
24.82 24.91 16.91 22.11 27.12 30.77 18.92 27.66 10.7 17.92 23.09 20.26 12.13 31 20.97 19.27 19.38 5.4 12.89 23.99 23.71 5.7 16.45 29.17 9.01 26.96 23.35 19.78 31.09 15.17 5.11 17.06 12.36 29 18.84 6.41 7.95 21.7 11.57 18.73 28.31 24.01 22.43 24.77 23.72 9.49 17.91 8.8 8.4 4.98 19.76 22.6 8.23 20.7 19.74 8.32 14.69 24.24 13.28 0 8.21 22.09 8.5 6.61 23.55 3.47 13.46 23.31 17.77 17.96 19.11 25.96 15.01 13.2 19.14 15.52 29.28 9.68 29.55 15.56 9.65 5.9 7.74 19.55 16.52 14.34 25.32 6.21 18.78 25.03 22.94 12.3 20.02 7.42 32.81 17.08 28.06 10.26 25.05 0.76 
22.18 27.91 15.84 21.14 23.28 27.27 11.68 22.54 14.81 9.76 16.45 23.1 18.55 26.4 23.21 11.1 21.38 13.21 12.3 20.14 20.08 9.62 14.82 24.95 1.27 29.02 24.35 12.06 26.29 20.16 11.75 9.12 18.91 31.43 10.65 14.49 0.92 20.04 3.99 20.3 23.43 20.35 19.02 25.87 26.89 13.66 20.22 2.5 9.2 5.4 14.04 26.2 1.1 19.12 11.65 14.92 20.37 18.56 16.96 8.21 0 17.91 3.45 14.6 20.29 10.92 14.86 25 9.64 10.12 20.54 26.03 11.52 10.48 21.62 19.23 28.32 6.69 25.97 14.77 16.97 13.27 15.24 19.94 15.7 6.21 29.02 12.03 20.78 27.41 22.12 17.57 15.37 15.63 28.55 9.1 28.11 8.83 18.79 8.78 
5.71 21.18 8.13 8.73 5.38 9.4 10.46 6.04 17.76 15.93 7.99 17.97 23.44 8.91 16.7 18.81 15.36 23.81 10.52 2.31 2.48 17.78 7.38 7.14 18.65 19.88 14.6 12.56 9.04 21.16 21.13 13.96 23.96 22.46 16.73 25.48 17.21 6.75 14.62 14.04 6.37 2.67 2.25 15.71 20.89 17.74 15.59 15.5 14.3 17.2 5.33 21.43 18.96 6.74 15.26 22.1 22.76 4.95 17.37 22.09 17.91 0 14.91 25.18 3.26 22.04 13.07 16.48 15.46 13.25 13.82 13.64 7.07 8.92 16.49 18.11 13.34 12.53 8.1 9.02 24.7 22.87 24.18 11.38 8.67 15.61 23.53 20.01 15.11 19.48 9.48 20.63 2.66 27.52 10.79 14.16 15.06 11.94 7.16 22.06 
18.88 24.75 12.39 17.7 20.25 24.18 10.43 19.93 12.27 10.31 14.66 19.97 16.7 23.62 19.97 12.39 18.13 12.57 8.89 17.08 16.96 7.67 11.38 22.03 4.6 25.7 20.95 11.44 23.58 17.66 10.54 9 17.12 28.16 11.37 14.08 2.57 16.62 3.62 17 20.73 17.24 15.84 22.47 23.78 11.23 17.04 1.15 6.27 3.94 11.62 23.19 4.54 15.69 11.83 13.36 18.12 16.18 14.18 8.5 3.45 14.91 0 14.05 17.09 10.25 11.65 21.67 10.04 9.74 17.22 22.58 8.23 7.05 18.44 16.38 24.89 3.25 22.89 11.32 15.72 12.29 14.21 16.53 12.25 6.87 25.99 10.41 17.53 24.15 18.67 15.29 12.49 15.6 25.67 9.07 24.66 5.44 16.74 8.83 
26.58 22.06 18.35 22.83 29.63 32.85 24.28 31.12 9.11 24.11 27.86 17.95 7.18 33.92 19.14 25.69 17.95 1.49 14.8 26.71 26.3 7.5 18.37 31.87 15.52 24.78 22.35 25.47 34.16 11.41 4.07 23.01 7.18 26.39 25.09 0.56 14.19 22.99 17.51 17.76 31.54 26.6 24.95 23.57 20.81 8.36 16.39 14.66 10.95 10.1 24.07 19.38 14.76 22.04 25.8 4.35 10.23 28.27 11.35 6.61 14.6 25.18 14.05 0 25.87 3.8 13.64 21.72 23.9 23.79 18.2 25.51 18.42 16.47 17.3 13.06 29.45 13.99 31.74 17.03 3.81 2.32 2.11 19.47 17.85 20.53 21.82 5.21 17.43 22.71 23.46 8.79 23.59 2.6 35.4 23.06 27.49 13.52 29.46 5.91 
2.44 18.91 7.73 6.3 3.78 7.22 13.7 6.98 17.74 19.12 11.11 16.23 23.23 8.27 14.78 22.02 13.68 24.59 11.09 1.75 1.1 18.74 7.5 6.09 21.14 17.24 12.15 15.82 8.7 20.39 21.91 17.11 23.74 19.75 19.95 26.23 19.53 4.49 17.29 12.48 6.7 1.22 1.29 13.09 18.77 17.94 14.22 17.82 15.36 18.86 8.57 19.51 21.38 4.91 18.51 22.41 22.13 7.66 16.88 23.55 20.29 3.26 17.09 25.87 0 23.04 12.84 14.15 18.64 16.45 12.19 10.71 8.89 10.44 14.89 17.21 10.09 14.36 5.99 8.94 24.92 23.55 24.64 9.66 8.28 18.58 21.37 20.66 13.55 17.08 6.86 20.3 5.72 28.34 9.53 17.32 11.97 13.3 9.91 23.43 
23.99 22.03 15.82 20.71 26.74 30.16 20.52 27.88 7.97 20.33 24.22 17.52 8.67 30.89 18.41 21.98 16.96 2.33 11.98 23.72 23.36 4.3 15.62 28.92 11.91 24.32 21.15 21.68 31.07 11.93 1.86 19.21 8.89 26.22 21.32 3.85 10.46 20.59 13.71 16.49 28.39 23.66 22.03 22.5 20.81 6.87 15.43 10.87 7.74 6.31 20.53 19.58 11.17 19.61 22 4.88 11.31 24.83 10.54 3.47 10.92 22.04 10.25 3.8 23.04 0 11.63 20.87 20.12 19.99 16.9 24.03 15.11 13.17 16.55 12.65 27.66 10.36 29 14.46 6.25 2.47 4.39 17.72 15.36 16.76 22.24 3.26 16.38 22.33 21.44 9.06 20.27 5.61 32.51 19.26 26.09 10.16 25.91 2.71 
13.14 13.1 5.12 9.19 16.6 19.45 17.17 19.06 4.92 20.17 18.52 8.35 10.43 21.11 8.34 22.86 6.53 12.58 3.64 14.02 13.49 7.77 5.69 18.93 16.11 14.21 9.97 19.19 21.49 8.32 10.06 18.24 10.94 16.58 21.28 14.08 13.95 9.43 14.46 5.53 19.18 13.77 12.17 11.45 12.16 5.32 5.39 12.79 5.82 10.41 14.29 11.7 15.84 8.51 20.91 9.76 9.76 17.34 4.36 13.46 14.86 13.07 11.65 13.64 12.84 11.63 0 10.26 19.75 18.38 5.83 12.5 8.3 6.98 6.79 5.69 16.04 8.65 18.42 4.05 12.15 11.38 12.11 6.12 4.57 17.48 14.47 8.62 5.92 12.55 9.86 7.56 12.46 16.23 22.27 18.4 14.6 6.35 19.15 13.03 
12.61 4.76 10.39 7.86 16.8 17.57 24.69 21.04 12.91 28.89 24.14 4.18 15.72 21.07 2.62 31.77 3.93 21.09 12.84 15.89 15.23 17.66 11.73 18.9 26.23 4.06 2.08 26.91 21.76 11.23 19.06 26.82 16.07 6.62 29.95 22.25 24.09 9.78 24.06 4.73 20.53 15.37 14.44 2.17 4.79 14 5.44 22.79 16.08 20.66 20.35 5.97 26.01 9.76 29.15 17.37 13.1 21.43 10.43 23.31 25 16.48 21.67 21.72 14.15 20.87 10.26 0 28.42 26.66 4.47 5.32 15.95 15.62 4.43 8.71 9.75 18.5 17.13 10.88 18.87 19.82 19.74 5.69 10.21 26.77 7.29 17.61 4.52 3.02 7.34 13.13 17.54 24.26 21.09 27 6.58 16.23 23.64 22.77 
21.03 32.35 18.05 22.24 20.3 24.25 5.16 17.7 21.77 0.48 9.9 27.86 26.63 21.9 27.38 3.43 25.57 22.45 16.21 17.68 17.94 17.68 16.72 21.17 9.16 32.42 27.13 3.74 21.51 27.06 20.56 1.62 27.07 35.03 1.54 23.87 9.82 20.52 6.44 24.24 18.87 18.12 17.43 28.57 31.58 20.87 24.87 9.27 15.63 13.91 10.15 31.37 9.94 19.9 2.05 23.39 27.78 13.44 23.25 17.77 9.64 15.46 10.04 23.9 18.64 20.12 19.75 28.42 0 2.23 24.3 27.6 12.48 12.99 26.22 25.21 28.44 11.65 23 17.6 25.75 22.28 24.22 22.76 18.22 3.43 34.06 20.44 25.04 31.28 23.23 24.95 12.93 25.17 24.33 1.43 29.42 13.68 12.55 18.28 
18.85 30.71 16.27 20.25 18.07 22.02 2.94 15.52 20.82 2.69 7.82 26.33 25.92 19.71 25.74 5.56 23.96 22.31 14.78 15.46 15.73 17.15 14.93 18.95 9.91 30.62 25.29 2 19.34 26 20.24 1.14 26.39 33.24 3.51 23.81 10.1 18.48 6.39 22.6 16.68 15.9 15.25 26.71 29.99 20.01 23.35 9.19 14.75 13.69 7.94 29.87 10.65 17.9 2.53 22.87 26.85 11.24 22.1 17.96 10.12 13.25 9.74 23.79 16.45 19.99 18.38 26.66 2.23 0 22.64 25.6 10.73 11.47 24.67 23.96 26.31 10.75 20.77 15.93 25.34 22.01 23.92 20.97 16.48 4.23 32.51 19.95 23.45 29.56 21.22 24.05 10.75 25.26 22.14 1.27 27.39 12.57 10.47 18.39 
