100 4950
4.95 6.41 9.63
154140
82 41 41 78 27 8 3 65 38 20 94 17 99 45 47 54 75 34 80 88 52 67 17 65 54 40 95 96 71 57 76 49 55 6 50 66 44 27 72 73 19 72 50 14 16 77 69 40 63 66 54 15 43 25 58 21 3 20 42 70 19 24 39 36 100 46 80 86 47 81 27 39 51 76 78 18 89 66 27 57 7 31 66 35 32 57 97 43 39 19 20 78 30 76 18 30 73 24 99 28 
0 6.16 11.58 18.87 28.86 17.29 4.11 24.13 9.96 23.21 10.31 10.23 28.65 27.49 9.71 17.05 3.3 4.58 8.33 11.41 0.77 17.07 15.38 20.53 11.16 21.13 9.11 4.3 11.94 17.27 19.11 20.49 18.46 22.63 8.93 17.59 18.91 19.24 5.92 20.24 21.37 25.29 16.26 23.32 16.64 5.87 8.81 17.76 8.85 22.24 24 7.21 18.11 17.62 21.64 20.89 24.83 20.21 5.95 5.47 9.73 29.08 14.46 18.38 23.99 22.51 23.25 10.95 8.4 25.35 8.02 29.35 12.5 24.61 9.93 25.56 13.27 13.65 16.93 23.4 2.75 13.28 25.65 2.1 1.59 7.79 18.67 1 11.65 4.74 23.61 20.78 6.51 14.26 25.72 18.58 12.99 26.2 1.66 14.31 
6.16 0 11.59 14.55 22.69 11.34 10.15 19.04 3.87 19.76 6.04 12.29 22.49 21.54 4.4 14.15 7.55 6.72 6.38 5.91 5.8 15.67 9.3 14.52 10.18 18.21 9.12 2.59 11.9 11.14 13.11 14.44 16.04 16.47 3.99 12.66 13.77 14.8 11.83 16.56 16.08 19.54 10.92 17.19 11.67 11.62 7.07 16.48 7.23 17.35 21.2 7.5 11.97 11.96 16.09 17.22 18.66 18.88 6.32 9.42 10.88 23.13 10.44 15.12 19.61 17.1 18.12 7.2 5.5 19.51 5.79 23.38 7 18.75 7.49 22.09 11.53 7.68 13.09 21.42 8.91 7.29 19.52 4.08 4.81 1.81 15.94 6.76 6.84 3.2 17.99 17.1 0.91 8.9 19.89 12.79 7.65 21.42 4.62 8.66 
11.58 11.59 0 25.71 28.35 20.26 14.28 17.87 12.26 13.67 8.04 3.87 28.22 24.19 10 7.72 14.88 7.01 5.37 16.72 12.11 5.83 15.28 22.75 2.02 11.07 19.75 9.74 0.36 17.22 21.57 22.42 8.12 22.1 9.36 12.32 24.23 12.28 12.24 11.52 16.2 21.2 12.63 24.01 22.48 11.56 18.33 6.39 18.45 15.74 13.52 17.84 17.96 21.7 17.28 28.63 24.6 8.77 16.47 7.63 2.43 25.61 21.88 26.66 16.01 17.49 17.25 18.78 16.98 21.65 5.95 25.97 11.18 21.13 5.06 15.81 22.96 17.2 24.51 12.21 12.43 16.78 26.19 11.42 10.56 12.93 27.53 12.54 9.21 8.8 27.28 28.51 10.85 19.5 21.91 22.09 18.41 18.84 10.73 18.83 
18.87 14.55 25.71 0 17.9 8.36 21.4 24.52 13.61 29.32 18.21 26.83 17.65 21.61 15.97 25.57 17.62 21.16 20.34 8.99 18.15 28.52 13.67 9.53 23.99 28.91 12.13 17.01 25.98 13.29 9 10.05 27.75 14.79 16.45 20.61 3.44 23.33 24.64 26.26 21.61 21.7 18.33 13.01 3.52 24.69 10.56 29.34 10.62 23.95 31.69 13.07 13.39 6.25 20.49 3.42 15.19 31.47 13.67 23.62 25.35 22.85 4.41 3.64 27.17 21.83 23.68 7.92 10.48 21.09 19.76 22.89 16.16 20.39 20.89 31.29 8.2 9.23 2.36 33.04 21.18 9.57 14.32 17.14 18.28 12.92 5.38 18.8 17.74 17.74 7.98 3.31 15.08 6.4 21.47 7.11 7.33 27.47 18.02 7.37 
28.86 22.69 28.35 17.9 0 12.31 32.76 14.94 19.01 22.82 21.02 31.45 0.26 7.22 20.07 23.2 29.62 28.19 24.45 18.29 28.44 27.42 13.84 9.26 26.35 24.17 26.98 24.9 28.42 11.8 10.53 9.01 24.97 6.41 20.97 16.66 14.67 18.23 34.41 21.17 13.97 9.83 15.77 5.72 16.25 34.11 24.38 28.04 24.55 16.07 25.76 26.81 10.95 13.22 12.37 20.45 4.04 29.06 26.55 31.09 29.54 7.38 19.59 21.54 18.87 13.05 14.68 21.17 23.02 8.95 24.14 7.16 17.72 8.9 23.74 23.65 24.78 15.57 19.67 28.52 31.6 15.86 3.68 26.77 27.47 21.12 23.28 29.39 19.53 24.96 10.33 20.39 22.44 16.46 9.03 11.97 17.36 17.18 27.3 15.72 
17.29 11.34 20.26 8.36 12.31 0 20.94 16.17 8.39 21.31 12.22 22.38 12.08 13.98 10.35 18.3 17.56 17.73 15.21 6.1 16.77 21.78 5.82 3.27 18.31 21.21 14.69 13.84 20.46 4.99 1.86 3.34 20.48 7.25 11.13 12.64 5.23 15.32 23.13 18.39 13.27 13.57 10.45 6.6 5.18 22.95 12.07 22.58 12.24 15.65 23.84 14.5 5.04 2.13 12.13 11.75 8.59 24.45 14.29 20.59 20.61 15.39 7.93 11.47 18.89 13.47 15.33 8.89 10.72 13.05 14.72 15.5 9.32 12.31 15.2 23.16 12.99 3.66 9.03 25.52 20.01 4.05 8.75 15.21 16.1 9.57 13.17 17.67 11.23 14.19 7.04 11.65 11.37 4.22 13.44 1.88 5.05 19.11 15.89 3.4 
4.11 10.15 14.28 21.4 32.76 20.94 0 28.17 14 26.82 14.33 11.95 32.54 31.58 13.82 20.59 3.78 7.62 12.04 14.9 4.35 20.04 19.43 24.2 14.31 24.59 10.08 8.4 14.63 21.28 22.78 24.21 21.8 26.6 13.04 21.63 21.95 23.17 3.97 23.96 25.45 29.4 20.35 27.16 19.63 4.41 10.86 20.66 10.82 26.25 27.37 8.53 22.11 21.03 25.74 22.95 28.74 23.05 7.73 6.86 12.07 33.17 17.02 20.28 27.86 26.6 27.3 13.64 11.08 29.45 11.81 33.44 16.61 28.72 13.64 29.14 14.65 17.35 19.26 26.44 1.87 17.01 29.47 6.09 5.69 11.64 20.24 3.39 15.71 8.8 26.92 22.85 10.58 17.56 29.83 22.08 16.33 30.16 5.77 17.78 
24.13 19.04 17.87 24.52 14.94 16.17 28.17 0 15.59 8.03 13.83 21.67 14.96 8.21 14.69 10.58 26.43 21.2 16.51 18.66 24.11 14.58 11.56 15.9 16.26 9.89 27.26 19.91 17.76 11.3 15.82 15.31 11.61 11.32 15.32 6.54 21.31 5.59 28.06 7.28 3.12 5.14 8.13 14.06 21.24 27.53 24.62 14.96 24.81 2.13 10.94 26.09 11.13 18.28 4.04 27.92 12.95 15.23 25.13 23.62 19.9 9.09 23.29 27.51 3.94 2.7 0.93 22.49 22.79 6.01 16.57 9.47 12.05 6.08 15.08 8.71 27.57 16.43 24.99 13.92 26.46 16.33 15.04 22.45 22.54 18.46 29.13 25.02 12.49 19.39 20.48 27.81 18.27 19.21 5.98 17.58 19.14 2.95 22.5 18.02 
9.96 3.87 12.26 13.61 19.01 8.39 14 15.59 0 17.41 4.62 14.03 18.82 17.66 2.36 12.5 11.38 9.44 6.98 4.73 9.64 14.99 5.43 11.34 10.44 16.3 11.77 5.89 12.5 7.32 9.99 11.17 14.61 12.71 2.9 9.49 11.97 11.93 15.4 14.17 12.54 15.72 7.49 13.64 10.27 15.11 9.23 15.82 9.43 14.07 19.26 10.5 8.16 9.54 12.39 16.73 14.97 18.05 9.55 12.34 12.32 19.25 10.22 15.1 16.63 13.47 14.66 7.89 7.4 15.66 6.45 19.51 3.68 14.9 7.31 19.67 12.95 5 12.73 20.02 12.68 4.57 15.98 7.91 8.5 2.88 16.28 10.61 4.47 6.01 15.37 16.61 3.46 7.28 16.05 10.09 6.29 18.14 8.35 6.57 
23.21 19.76 13.67 29.32 22.82 21.31 26.82 8.03 17.41 0 13.72 17.46 22.81 16.23 15.57 6.25 26.15 19.23 14.88 21.69 23.46 8.57 15.65 22.04 12.8 2.76 28.83 19.58 13.43 16.39 21.55 21.48 5.63 18.36 15.79 8.71 26.51 5.99 25.6 3.24 9.11 13.13 10.99 21.06 25.82 24.96 26.51 8.58 26.69 6.77 2.94 27.26 16.59 23.4 10.73 32.73 20.37 7.94 26.05 20.9 16.08 17.07 27.03 31.74 4.19 9.81 8.15 25.25 24.72 13.97 15.22 17.45 13.85 13.93 13.28 2.35 30.35 20.26 29.21 5.93 24.96 20.01 22.44 22.08 21.74 19.93 33.16 24.21 13.08 18.78 26.93 32.62 18.86 23.22 13.98 23.04 22.74 6.94 21.8 22.1 
10.31 6.04 8.04 18.21 21.02 12.22 14.33 13.83 4.62 13.72 0 10.54 20.86 18.04 2.27 8.2 12.8 7.69 3.44 9.35 10.34 10.38 7.4 14.74 6.09 12.2 15.15 6.17 8.23 9.43 13.54 14.43 10.2 14.63 2.13 7.29 16.39 9.02 14.5 10.53 11.17 15.48 6.22 16.24 14.82 14.04 12.94 11.21 13.12 11.94 15.2 13.54 10.22 13.73 11.63 21.35 17.09 13.46 12.33 10.43 8.66 19.59 14.81 19.7 13.82 12.36 12.97 12.25 11.22 15.68 3.18 19.91 3.32 15.01 2.98 16.06 17.12 9.3 17.35 15.63 12.64 8.89 18.51 8.74 8.72 6.44 20.83 11.22 1.56 5.57 19.24 21.23 5.14 11.84 16.02 14.07 10.9 15.91 8.69 11.03 
10.23 12.29 3.87 26.83 31.45 22.38 11.95 21.67 14.03 17.46 10.54 0 31.31 27.72 12.06 11.58 13.45 6.04 7.22 18 10.91 9.24 17.94 25.14 5.45 14.8 19.16 9.93 4.06 19.97 23.86 24.87 11.84 25.1 11.25 15.91 25.8 16.08 9.17 15.38 19.87 24.8 15.94 26.79 23.84 8.48 18.25 9.63 18.34 19.54 17.08 17.22 20.76 23.56 20.86 29.48 27.59 11.75 15.87 5.11 1.91 29.17 22.71 27.27 19.87 21.16 21.02 19.35 17.21 25.2 7.67 29.53 13.85 24.64 7.71 19.53 22.91 19.02 25.35 15.39 10.24 18.59 29.05 10.78 9.7 13.93 27.92 11.05 11.96 9.12 29.39 29.36 11.76 20.94 25.48 24.12 19.76 22.71 9.93 20.46 
28.65 22.49 28.22 17.65 0.26 12.08 32.54 14.96 18.82 22.81 20.86 31.31 0 7.3 19.89 23.13 29.4 28.02 24.29 18.06 28.24 27.34 13.66 9.01 26.22 24.14 26.73 24.71 28.29 11.62 10.28 8.77 24.91 6.24 20.8 16.58 14.41 18.18 34.22 21.13 13.93 9.86 15.65 5.49 16 33.92 24.13 27.97 24.3 16.06 25.75 26.57 10.78 12.97 12.33 20.19 3.84 29 26.31 30.92 29.4 7.52 19.33 21.28 18.89 13.03 14.68 20.93 22.79 8.98 23.98 7.3 17.56 8.9 23.6 23.67 24.53 15.35 19.41 28.49 31.4 15.64 3.43 26.56 27.27 20.91 23.02 29.19 19.38 24.78 10.08 20.14 22.25 16.21 9.07 11.72 17.12 17.23 27.1 15.48 
27.49 21.54 24.19 21.61 7.22 13.98 31.58 8.21 17.66 16.23 18.04 27.72 7.3 0 17.87 17.85 29.02 25.71 21.35 18.79 27.25 22.07 12.3 12.09 22.32 17.97 27.97 23.23 24.18 10.74 12.74 11.57 19.3 6.84 18.72 11.88 18.17 12.61 32.43 15.13 8.22 3.21 11.92 8.84 19 32.01 25.23 22.57 25.42 9.76 19.15 27.3 10.04 15.71 6.93 24.7 6.87 23.18 26.69 28.48 25.83 1.59 21.9 25.1 12.11 7.01 8.18 22.38 23.57 2.56 21.2 1.87 15.12 3.08 20.26 16.77 26.9 16.03 22.82 22.11 30.13 16.15 8.64 25.51 25.95 20.34 26.84 28.22 16.49 23.02 15.43 24.62 21.02 18.03 2.38 14.61 18.51 10.1 25.83 16.97 
9.71 4.4 10 15.97 20.07 10.35 13.82 14.69 2.36 15.57 2.27 12.06 19.89 17.87 0 10.34 11.75 8.13 4.86 7.08 9.57 12.65 6.23 13.09 8.14 14.25 13.29 5.41 10.23 8.28 11.81 12.84 12.39 13.67 0.9 8.27 14.25 10.42 14.61 12.33 11.79 15.59 6.63 14.98 12.61 14.23 10.94 13.48 11.13 12.96 17.24 11.8 9.12 11.7 11.94 19.09 16.06 15.73 10.68 11.03 10.26 19.45 12.54 17.42 15.22 12.87 13.78 10.03 9.17 15.66 4.39 19.74 2.79 14.94 4.99 17.87 14.97 7.2 15.07 17.82 12.28 6.78 17.3 7.86 8.14 4.36 18.56 10.52 2.49 5.15 17.38 18.97 3.6 9.62 16.03 12.14 8.64 17.02 8.04 8.86 
17.05 14.15 7.72 25.57 23.2 18.3 20.59 10.58 12.5 6.25 8.2 11.58 23.13 17.85 10.34 0 20.07 12.99 8.74 17.14 17.33 4.24 12.5 19.88 6.6 4.12 23.26 13.61 7.54 13.9 19.04 19.41 2.19 17.56 10.33 6.6 23.21 5.25 19.37 3.8 9.63 14.68 8.16 19.97 22.06 18.74 21.13 4.83 21.31 8.5 7.09 21.58 14.4 20.22 11.05 28.88 19.94 6.22 20.31 14.69 10.03 19.09 22.64 27.5 8.31 10.85 10.12 20.35 19.42 15.3 9.13 19.47 9.42 14.94 7.16 8.55 25.3 16.34 25.05 7.53 18.73 16 21.84 16.04 15.62 14.63 28.75 18.05 8.04 12.76 24.8 28.76 13.24 19.21 15.47 20.16 18.48 11.19 15.69 18.2 
3.3 7.55 14.88 17.62 29.62 17.56 3.78 26.43 11.38 26.15 12.8 13.45 29.4 29.02 11.75 20.07 0 7.88 11.34 11.47 2.79 20.31 16.73 20.83 14.39 24.18 6.51 6.65 15.24 18.45 19.42 20.88 21.58 23.62 11.11 19.94 18.25 21.82 7.36 23.09 23.54 27.08 18.37 23.95 15.92 7.61 7.08 21.01 7.04 24.64 27.09 4.82 19.25 17.49 23.61 19.19 25.65 23.47 3.95 8.5 13.03 30.61 13.25 16.54 26.62 24.59 25.52 9.9 7.36 27.04 10.94 30.86 14.48 26.28 12.91 28.5 11 14.07 15.47 26.6 4 13.76 26.22 4.09 4.48 8.71 16.57 2.4 13.97 7.37 23.3 19.09 8.2 13.98 27.43 18.58 12.79 28.67 4.39 14.31 
4.58 6.72 7.01 21.16 28.19 17.73 7.62 21.2 9.44 19.23 7.69 6.04 28.02 25.71 8.13 12.99 7.88 0 4.7 12.63 5.14 12.57 14.36 20.78 6.73 16.97 13.16 4.16 7.37 16.4 19.41 20.61 14.18 21.8 7.23 14.75 20.49 15.93 6.87 16.44 18.74 23.17 13.91 23.01 18.39 6.36 12.21 13.24 12.3 19.18 19.75 11.23 17.24 18.58 19.3 23.65 24.18 15.68 9.87 2.91 5.22 27.27 16.92 21.36 20.49 19.97 20.39 13.48 11.23 23.37 4.65 27.58 10.68 22.7 6.22 21.54 16.87 14.15 19.54 18.94 5.75 13.73 25.34 4.75 3.71 8.5 21.93 5.53 9.23 3.58 24.58 23.54 6.43 15.62 23.71 19.32 14.38 22.95 3.93 15.32 
8.33 6.38 5.37 20.34 24.45 15.21 12.04 16.51 6.98 14.88 3.44 7.22 24.29 21.35 4.86 8.74 11.34 4.7 0 11.35 8.6 9.42 10.77 17.93 3.8 12.84 15.1 5.06 5.65 12.82 16.66 17.66 10.28 18.06 4.11 10.09 18.93 11.24 11.55 11.93 14.11 18.67 9.44 19.62 17.13 11.02 13.36 10.21 13.5 14.49 15.76 13.28 13.62 16.51 14.76 23.27 20.52 12.65 11.94 7.2 5.4 22.88 16.53 21.33 15.85 15.35 15.71 13.5 11.87 18.94 0.6 23.21 6.74 18.3 1.6 17.22 17.9 11.97 19.16 15.46 10.22 11.54 21.9 7.34 6.88 7.6 22.25 9.33 4.96 4.14 22.25 23.15 5.58 14.16 19.26 16.99 13.06 18.26 6.95 13.54 
11.41 5.91 16.72 8.99 18.29 6.1 14.9 18.66 4.73 21.69 9.35 18 18.06 18.79 7.08 17.14 11.47 12.63 11.35 0 10.83 19.72 7.15 9.36 15 20.81 9.18 8.49 16.99 8.13 7.95 9.43 19.27 12.63 7.48 13.28 7.87 15.92 17.32 18.48 15.54 17.57 11.04 12.58 5.84 17.2 6.44 20.55 6.63 17.48 23.73 8.63 8.77 6.21 14.95 12.02 14.41 22.77 8.26 15.32 16.44 20.33 5.5 10.38 20.38 16.21 17.73 3.83 4.83 17.27 10.77 20.51 7.87 16.49 11.92 23.86 8.93 2.8 8 24.67 14.08 2.64 14.81 9.38 10.37 4.13 11.62 11.7 9.12 9.07 12.22 11.9 6.27 3 17.68 7.19 1.76 21.44 10.14 2.9 
0.77 5.8 12.11 18.15 28.44 16.77 4.35 24.11 9.64 23.46 10.34 10.91 28.24 27.25 9.57 17.33 2.79 5.14 8.6 10.83 0 17.51 15.08 20.02 11.59 21.43 8.36 4.21 12.48 16.93 18.6 20 18.81 22.26 8.84 17.59 18.25 19.32 6.57 20.44 21.31 25.12 16.17 22.88 15.97 6.56 8.05 18.22 8.08 22.26 24.33 6.45 17.76 17.03 21.52 20.14 24.42 20.68 5.19 6.22 10.34 28.84 13.74 17.62 24.1 22.42 23.23 10.23 7.67 25.15 8.24 29.11 12.36 24.41 10.18 25.8 12.51 13.14 16.19 23.81 3.25 12.78 25.2 1.74 1.71 7.33 17.91 0.97 11.62 4.79 23.01 20.03 6.24 13.64 25.53 18.02 12.38 26.25 1.67 13.73 
17.07 15.67 5.83 28.52 27.42 21.78 20.04 14.58 14.99 8.57 10.38 9.24 27.34 22.07 12.65 4.24 20.31 12.57 9.42 19.72 17.51 0 16.11 23.65 5.93 5.81 24.52 14.45 5.5 17.7 22.7 23.21 3.08 21.68 12.36 10.77 26.44 9.46 18.06 7.38 13.86 18.88 12.11 24.02 25.07 17.38 22.73 0.83 22.88 12.57 7.84 22.69 18.27 23.57 15.29 31.71 24.09 3.23 21.35 13.46 8.23 23.28 25.19 30.07 11.78 15.05 14.21 22.51 21.16 19.52 9.97 23.66 12.53 19.17 8.18 10.44 27.18 19.4 27.72 6.4 18.18 19.02 25.95 16.55 15.86 16.58 31.18 18.05 10.79 13.51 28.51 31.58 14.8 22.12 19.69 23.66 21.24 14.76 15.99 21.22 
15.38 9.3 15.28 13.67 13.84 5.82 19.43 11.56 5.43 15.65 7.4 17.94 13.66 12.3 6.23 12.5 16.73 14.36 10.77 7.15 15.08 16.11 0 7.6 13.27 15.41 16.1 11.23 15.42 2.05 6.6 7.21 14.67 7.44 7.13 6.94 10.91 9.66 20.69 12.64 8.46 10.61 4.69 8.85 10.19 20.35 13.38 16.89 13.58 10.56 18.1 15.21 2.89 7.83 7.8 17.09 9.83 18.68 14.48 17.26 16.07 13.88 11.8 16.26 13.65 9.06 10.64 10.98 11.61 10.44 10.41 14.12 4.11 9.66 10.32 17.62 16.02 4.9 13.72 19.7 18.08 4.77 11.13 13.34 13.9 8.04 17.8 16.04 6.07 11.19 12.4 16.98 8.87 7.77 10.84 7.67 7.59 14.41 13.75 6.6 
20.53 14.52 22.75 9.53 9.26 3.27 24.2 15.9 11.34 22.04 14.74 25.14 9.01 12.09 13.09 19.88 20.83 20.78 17.93 9.36 20.02 23.65 7.6 0 20.76 22.34 17.74 16.99 22.92 5.98 1.42 0.59 22.01 5.29 13.93 13.68 6.09 16.2 26.34 19.37 13.33 12.39 11.74 3.69 7.17 26.14 15.17 24.42 15.34 15.81 24.75 17.67 5.54 3.99 11.93 12.65 5.85 26.1 17.51 23.66 23.32 13.34 10.4 13.04 19.11 13.22 15.16 11.94 13.92 11.71 17.48 13.38 11.59 11.06 17.72 23.67 15.59 6.88 10.86 26.75 23.26 7.26 5.61 18.44 19.31 12.78 14.8 20.93 13.56 17.27 4.95 12.57 14.5 7.22 12.07 2.75 8.21 18.81 19.1 6.59 
11.16 10.18 2.02 23.99 26.35 18.31 14.31 16.26 10.44 12.8 6.09 5.45 26.22 22.32 8.14 6.6 14.39 6.73 3.8 15 11.59 5.93 13.27 20.76 0 10.38 18.74 8.64 2.16 15.21 19.59 20.43 7.51 20.09 7.56 10.47 22.39 10.68 12.79 10.32 14.42 19.36 10.66 21.99 20.7 12.15 17.12 6.65 17.25 14.13 13.07 16.88 15.94 19.8 15.43 26.99 22.59 9.12 15.52 8.1 3.64 23.76 20.27 25.1 14.71 15.71 15.59 17.29 15.66 19.79 4.39 24.11 9.18 19.25 3.15 15.05 21.68 15.33 22.89 12.24 12.43 14.91 24.18 10.64 9.93 11.37 26.05 12.15 7.21 7.69 25.32 26.86 9.38 17.72 20.06 20.15 16.67 17.45 10.07 17 
21.13 18.21 11.07 28.91 24.17 21.21 24.59 9.89 16.3 2.76 12.2 14.8 24.14 17.97 14.25 4.12 24.18 16.97 12.84 20.81 21.43 5.81 15.41 22.34 10.38 0 27.33 17.73 10.81 16.47 21.68 21.81 2.96 19.19 14.33 8.66 26.31 6.22 23.14 3.06 10.21 14.79 10.76 21.81 25.39 22.49 25.14 5.82 25.32 8.22 3 25.67 16.8 23.24 11.83 32.28 21.38 5.42 24.41 18.46 13.49 18.96 26.27 31.07 6.44 11.16 9.79 24.19 23.4 15.56 13.24 19.35 12.95 15.4 11.27 4.74 29.21 19.71 28.58 4.46 22.72 19.41 23.41 20.16 19.72 18.6 32.41 22.13 11.84 16.88 27.28 32.16 17.3 22.64 15.63 23.02 22.03 9.38 19.79 21.57 
9.11 9.12 19.75 12.13 26.98 14.69 10.08 27.26 11.77 28.83 15.15 19.16 26.73 27.97 13.29 23.26 6.51 13.16 15.1 9.18 8.36 24.52 16.1 17.74 18.74 27.33 0 10.1 20.1 17.28 16.45 17.96 25.12 21.69 13.04 21.26 13.64 23.63 13.86 25.61 24.17 26.67 19.23 21.28 11.41 14.12 2.74 25.3 2.55 25.82 30.32 1.94 17.94 13.88 23.8 13.1 23.27 27.75 3.3 14.58 18.34 29.5 8.16 10.38 28.37 24.99 26.33 5.81 4.5 26.42 14.56 29.68 15.44 25.63 16.43 31.15 4.59 11.94 9.81 30.46 10.51 11.82 23.35 8.43 9.46 8.99 10.18 8.54 15.78 11.05 18.99 13.01 10.02 10.52 26.83 15.11 9.67 29.88 9.24 11.32 
4.3 2.59 9.74 17.01 24.9 13.84 8.4 19.91 5.89 19.58 6.17 9.93 24.71 23.23 5.41 13.61 6.65 4.16 5.06 8.49 4.21 14.45 11.23 16.99 8.64 17.73 10.1 0 10.08 13.18 15.59 16.87 15.29 18.59 4.64 13.39 16.35 15.19 9.51 16.48 17.11 21 11.98 19.5 14.23 9.23 8.59 15.22 8.71 18.07 20.69 8.25 14.03 14.54 17.34 19.57 20.87 17.68 6.9 6.84 8.68 24.82 12.81 17.35 19.98 18.23 19.02 9.43 7.34 21.06 4.56 25.1 8.21 20.33 6.51 21.93 13.24 10.21 15.44 20.52 6.9 9.8 21.84 2.57 2.73 4.39 18.03 5.13 7.41 0.95 20.56 19.45 2.5 11.49 21.43 15.35 10.23 22.07 2.63 11.25 
11.94 11.9 0.36 25.98 28.42 20.46 14.63 17.76 12.5 13.43 8.23 4.06 28.29 24.18 10.23 7.54 15.24 7.37 5.65 16.99 12.48 5.5 15.42 22.92 2.16 10.81 20.1 10.08 0 17.35 21.75 22.58 7.85 22.19 9.6 12.3 24.47 12.18 12.55 11.33 16.15 21.16 12.67 24.12 22.74 11.88 18.67 6.05 18.79 15.63 13.23 18.19 18.08 21.92 17.26 28.92 24.68 8.42 16.82 7.97 2.73 25.58 22.17 26.96 15.83 17.44 17.16 19.09 17.31 21.63 6.24 25.94 11.34 21.12 5.27 15.55 23.29 17.43 24.8 11.87 12.79 17.01 26.3 11.78 10.92 13.23 27.84 12.9 9.36 9.14 27.47 28.8 11.16 19.76 21.88 22.29 18.68 18.69 11.09 19.07 
17.27 11.14 17.22 13.29 11.8 4.99 21.28 11.3 7.32 16.39 9.43 19.97 11.62 10.74 8.28 13.9 18.45 16.4 12.82 8.13 16.93 17.7 2.05 5.98 15.21 16.47 17.28 13.18 17.35 0 5.22 5.51 16.04 5.42 9.18 7.81 10.22 10.44 22.67 13.56 8.33 9.46 5.78 6.82 9.94 22.35 14.54 18.46 14.74 10.67 18.99 16.56 0.85 7.12 7.31 16.7 7.78 20.12 15.95 19.3 18.08 12.31 12.09 16.2 13.91 8.65 10.43 11.85 12.85 9.14 12.46 12.52 6.12 8.36 12.31 18.19 16.69 5.48 13.69 20.85 19.99 5.52 9.09 15.21 15.82 9.75 17.83 17.9 8.05 13.19 10.9 16.6 10.77 8 9.56 6.65 8.14 14.24 15.66 6.83 
19.11 13.11 21.57 9 10.53 1.86 22.78 15.82 9.99 21.55 13.54 23.86 10.28 12.74 11.81 19.04 19.42 19.41 16.66 7.95 18.6 22.7 6.6 1.42 19.59 21.68 16.45 15.59 21.75 5.22 0 1.51 21.19 5.9 12.63 13.03 5.61 15.63 24.93 18.77 13.08 12.7 10.98 4.84 6.27 24.73 13.86 23.48 14.02 15.54 24.19 16.32 4.96 2.98 11.79 12.27 6.92 25.24 16.13 22.28 22.06 14.08 9.35 12.38 18.83 13.11 15.03 10.64 12.55 12.09 16.2 14.15 10.46 11.39 16.52 23.28 14.5 5.46 10.08 26.07 21.84 5.84 6.93 17.02 17.89 11.36 14.12 19.51 12.42 15.89 5.81 12.18 13.1 5.93 12.47 1.89 6.86 18.76 17.69 5.22 
20.49 14.44 22.42 10.05 9.01 3.34 24.21 15.31 11.17 21.48 14.43 24.87 8.77 11.57 12.84 19.41 20.88 20.61 17.66 9.43 20 23.21 7.21 0.59 20.43 21.81 17.96 16.87 22.58 5.51 1.51 0 21.53 4.75 13.69 13.17 6.61 15.66 26.27 18.84 12.75 11.82 11.26 3.35 7.59 26.06 15.37 23.97 15.54 15.24 24.21 17.83 5.03 4.35 11.35 13.2 5.46 25.62 17.63 23.5 23.04 12.84 10.77 13.54 18.53 12.63 14.58 12.16 14.06 11.14 17.22 12.89 11.25 10.49 17.41 23.1 15.94 6.86 11.32 26.24 23.23 7.22 5.41 18.4 19.24 12.72 15.29 20.92 13.22 17.13 5.47 13.11 14.38 7.44 11.51 3.14 8.37 18.23 19.04 6.73 
18.46 16.04 8.12 27.75 24.97 20.48 21.8 11.61 14.61 5.63 10.2 11.84 24.91 19.3 12.39 2.19 21.58 14.18 10.28 19.27 18.81 3.08 14.67 22.01 7.51 2.96 25.12 15.29 7.85 16.04 21.19 21.53 0 19.5 12.32 8.55 25.4 6.77 20.23 4.35 11.16 16.09 10.27 21.98 24.25 19.57 23.07 3.35 23.24 9.66 5.57 23.39 16.5 22.4 12.67 31.05 21.84 4.15 22.09 15.55 10.54 20.45 24.78 29.64 8.7 12.3 11.29 22.42 21.39 16.78 10.74 20.83 11.6 16.49 8.78 7.7 27.32 18.52 27.21 5.43 19.92 18.18 23.78 17.62 17.1 16.63 30.88 19.46 10.16 14.4 26.94 30.93 15.14 21.38 16.92 22.34 20.64 11.69 17.19 20.38 
22.63 16.47 22.1 14.79 6.41 7.25 26.6 11.32 12.71 18.36 14.63 25.1 6.24 6.84 13.67 17.56 23.62 21.8 18.06 12.63 22.26 21.68 7.44 5.29 20.09 19.19 21.69 18.59 22.19 5.42 5.9 4.75 19.5 0 14.57 10.96 11.35 13 28.09 16.14 9.26 7.23 9.68 2.75 12.17 27.77 18.99 22.36 19.17 11.71 21.23 21.26 4.57 8.88 7.68 17.94 2.49 23.65 20.82 24.69 23.2 8.18 15.15 18.26 14.91 8.79 10.72 15.96 17.46 6.49 17.74 8.27 11.32 5.89 17.39 19.67 20.24 9.83 15.98 23.64 25.36 10.04 4.28 20.55 21.2 14.98 20 23.22 13.15 18.61 9.28 17.85 16.16 11.42 6.83 7.77 12.05 14.12 21.04 10.44 
8.93 3.99 9.36 16.45 20.97 11.13 13.04 15.32 2.9 15.79 2.13 11.25 20.8 18.72 0.9 10.33 11.11 7.23 4.11 7.48 8.84 12.36 7.13 13.93 7.56 14.33 13.04 4.64 9.6 9.18 12.63 13.69 12.32 14.57 0 8.84 14.87 10.85 13.74 12.58 12.48 16.39 7.34 15.87 13.14 13.35 10.81 13.19 10.99 13.54 17.33 11.48 10.02 12.4 12.7 19.5 16.96 15.5 10.3 10.12 9.48 20.3 12.86 17.74 15.67 13.59 14.42 10.17 9.09 16.49 3.59 20.59 3.61 15.78 4.45 18.12 15 7.87 15.44 17.74 11.47 7.44 18.19 7.15 7.35 4.31 18.81 9.77 2.89 4.3 18.15 19.38 3.11 10.16 16.85 12.89 9.12 17.58 7.27 9.47 
17.59 12.66 12.32 20.61 16.66 12.64 21.63 6.54 9.49 8.71 7.29 15.91 16.58 11.88 8.27 6.6 19.94 14.75 10.09 13.28 17.59 10.77 6.94 13.68 10.47 8.66 21.26 13.39 12.3 7.81 13.03 13.17 8.55 10.96 8.84 0 17.82 2.73 21.62 5.75 4.04 8.89 2.3 13.42 17.11 21.1 18.72 11.42 18.91 4.7 11.2 19.93 8.15 14.72 4.96 24.02 13.33 12.7 18.88 17.27 14.04 13.29 18.46 23.09 7.15 5.31 5.68 17 16.88 9.33 10.1 13.65 5.82 8.82 8.75 10.72 22.15 11.61 20.56 13.07 19.93 11.38 15.24 15.94 16 12.3 24.56 18.49 5.98 12.85 18.63 23.91 11.86 14.57 9.59 14.41 14.17 8.76 15.96 13.42 
18.91 13.77 24.23 3.44 14.67 5.23 21.95 21.31 11.97 26.51 16.39 25.8 14.41 18.17 14.25 23.21 18.25 20.49 18.93 7.87 18.25 26.44 10.91 6.09 22.39 26.31 13.64 16.35 24.47 10.22 5.61 6.61 25.4 11.35 14.87 17.82 0 20.52 24.82 23.54 18.47 18.31 15.59 9.6 2.33 24.78 11.53 27.26 11.64 20.86 29 14.15 10.22 3.11 17.27 6.66 11.79 29.26 14.44 23.16 24.18 19.42 5.51 6.99 24.12 18.61 20.49 8.38 10.89 17.68 18.38 19.45 13.92 16.99 19.24 28.39 10.46 7.09 5.01 30.55 21.44 7.5 11.03 16.99 18.06 12 8.75 19.02 15.68 16.94 5.37 6.57 14.12 4.88 18.06 3.75 6.12 24.26 17.81 5.4 
19.24 14.8 12.28 23.33 18.23 15.32 23.17 5.59 11.93 5.99 9.02 16.08 18.18 12.61 10.42 5.25 21.82 15.93 11.24 15.92 19.32 9.46 9.66 16.2 10.68 6.22 23.63 15.19 12.18 10.44 15.63 15.66 6.77 13 10.85 2.73 20.52 0 22.74 3.18 4.41 9.43 5.02 15.6 19.84 22.17 21.16 9.97 21.35 3.46 8.57 22.21 10.69 17.41 5.9 26.75 15.24 10.82 21.1 18.2 14.31 13.84 21.16 25.81 4.82 5.6 4.99 19.59 19.33 10.07 11.39 14.22 8.25 9.74 9.72 8 24.73 14.33 23.28 10.67 21.39 14.09 17.24 17.76 17.67 14.64 27.27 20.18 7.97 14.54 21.13 26.63 13.95 17.29 10.23 17.07 16.87 7.02 17.67 16.15 
5.92 11.83 12.24 24.64 34.41 23.13 3.97 28.06 15.4 25.6 14.5 9.17 34.22 32.43 14.61 19.37 7.36 6.87 11.55 17.32 6.57 18.06 20.69 26.34 12.79 23.14 13.86 9.51 12.55 22.67 24.93 26.27 20.23 28.09 13.74 21.62 24.82 22.74 0 23 25.6 29.97 20.72 28.99 22.53 0.69 14.28 18.56 14.27 26.03 25.73 12.17 23.52 23.53 26.13 26.45 30.37 20.82 11.18 4.69 9.83 34 20.23 23.84 27.21 26.83 27.26 16.74 14.16 30.14 11.52 34.3 17.31 29.45 13.02 27.84 18.37 19.47 22.61 24.39 3.47 19.09 31.33 7.95 7.03 13.56 23.93 5.84 16.02 9.5 29.53 26.35 11.98 20.18 30.49 24.47 18.92 29.74 7.24 20.21 
20.24 16.56 11.52 26.26 21.17 18.39 23.96 7.28 14.17 3.24 10.53 15.38 21.13 15.13 12.33 3.8 23.09 16.44 11.93 18.48 20.44 7.38 12.64 19.37 10.32 3.06 25.61 16.48 11.33 13.56 18.77 18.84 4.35 16.14 12.58 5.75 23.54 3.18 23 0 7.2 11.93 7.95 18.76 22.75 22.38 23.27 7.7 23.45 5.39 5.46 24.06 13.85 20.45 8.81 29.66 18.33 8.04 22.86 18.33 13.81 16.21 23.85 28.59 4.53 8.22 7.02 22.01 21.48 12.67 12.22 16.6 10.63 12.46 10.33 5.54 27.11 17.14 26.07 7.51 22.12 16.86 20.35 19.01 18.74 16.69 29.99 21.22 9.85 15.71 24.3 29.54 15.66 20.09 12.77 20.16 19.57 7.46 18.77 18.98 
21.37 16.08 16.2 21.61 13.97 13.27 25.45 3.12 12.54 9.11 11.17 19.87 13.93 8.22 11.79 9.63 23.54 18.74 14.11 15.54 21.31 13.86 8.46 13.33 14.42 10.21 24.17 17.11 16.15 8.33 13.08 12.75 11.16 9.26 12.48 4.04 18.47 4.41 25.6 7.2 0 5.07 5.16 11.99 18.26 25.1 21.51 14.38 21.71 2.49 12.01 23.03 8.24 15.4 1.63 25.02 11.27 15.16 22.09 21.29 18.02 9.51 20.22 24.51 5.78 1.29 2.19 19.37 19.69 5.67 14.09 9.88 9.08 5.33 12.79 10.44 24.45 13.34 21.98 14.59 23.79 13.23 13.34 19.62 19.78 15.42 26.11 22.24 9.74 16.65 18.09 24.91 15.35 16.14 5.85 14.78 16.05 5.96 19.72 14.96 
25.29 19.54 21.2 21.7 9.83 13.57 29.4 5.14 15.72 13.13 15.48 24.8 9.86 3.21 15.59 14.68 27.08 23.17 18.67 17.57 25.12 18.88 10.61 12.39 19.36 14.79 26.67 21 21.16 9.46 12.7 11.82 16.09 7.23 16.39 8.89 18.31 9.43 29.97 11.93 5.07 0 9.26 9.79 18.75 29.51 23.94 19.37 24.13 6.57 16.07 25.82 8.93 15.53 3.95 24.97 8.28 19.97 25.07 25.85 22.92 4.44 21.34 25.01 9.08 3.83 5.01 21.31 22.19 0.89 18.57 4.81 12.8 1.34 17.48 13.83 26.12 14.94 22.6 18.97 27.86 14.97 10.32 23.39 23.72 18.52 26.72 26.08 13.95 20.69 16.47 24.88 18.93 17.31 0.85 14.59 17.58 7.41 23.63 16.17 
16.26 10.92 12.63 18.33 15.77 10.45 20.35 8.13 7.49 10.99 6.22 15.94 15.65 11.92 6.63 8.16 18.37 13.91 9.44 11.04 16.17 12.11 4.69 11.74 10.66 10.76 19.23 11.98 12.67 5.78 10.98 11.26 10.27 9.68 7.34 2.3 15.59 5.02 20.72 7.95 5.16 9.26 0 11.92 14.83 20.26 16.64 12.83 16.83 6.59 13.41 17.99 6.24 12.5 5.42 21.74 12.15 14.38 17.01 16.6 14.03 13.44 16.17 20.8 9.34 6.25 7.2 14.79 14.8 9.5 9.32 13.77 3.93 8.86 8.36 13.01 19.93 9.32 18.26 15.1 18.73 9.09 13.92 14.47 14.67 10.35 22.27 17.11 4.7 11.57 16.68 21.63 10.18 12.27 9.82 12.26 11.88 10.65 14.6 11.13 
23.32 17.19 24.01 13.01 5.72 6.6 27.16 14.06 13.64 21.06 16.24 26.79 5.49 8.84 14.98 19.97 23.95 23.01 19.62 12.58 22.88 24.02 8.85 3.69 21.99 21.81 21.28 19.5 24.12 6.82 4.84 3.35 21.98 2.75 15.87 13.42 9.6 15.6 28.99 18.76 11.99 9.79 11.92 0 10.85 28.73 18.66 24.72 18.83 14.44 23.92 21.09 6.05 7.67 10.41 15.96 2.19 26.12 20.83 25.92 24.9 9.93 14.09 16.6 17.66 11.54 13.47 15.47 17.3 8.99 19.24 9.93 12.94 8.47 19.13 22.4 19.28 9.88 14.49 26.27 26.07 10.19 2.34 21.23 21.99 15.55 18.35 23.82 14.86 19.65 6.7 15.88 17.01 10.77 9.3 6.44 11.65 16.83 21.81 10 
16.64 11.67 22.48 3.52 16.25 5.18 19.63 21.24 10.27 25.82 14.82 23.84 16 19 12.61 22.06 15.92 18.39 17.13 5.84 15.97 25.07 10.19 7.17 20.7 25.39 11.41 14.23 22.74 9.94 6.27 7.59 24.25 12.17 13.14 17.11 2.33 19.84 22.53 22.75 18.26 18.75 14.83 10.85 0 22.51 9.22 25.89 9.34 20.57 28.17 11.84 10.13 3.29 17.22 6.91 13.02 27.99 12.11 21 22.28 20.34 3.39 6.3 23.75 18.56 20.37 6.05 8.56 18.2 16.56 20.42 12.65 17.47 17.58 27.81 8.55 5.72 3.86 29.52 19.14 6.07 12.57 14.74 15.83 9.94 7.98 16.72 14.28 14.87 7.59 6.8 12.1 2.99 18.6 4.45 4.09 24.17 15.58 3.86 
5.87 11.62 11.56 24.69 34.11 22.95 4.41 27.53 15.11 24.96 14.04 8.48 33.92 32.01 14.23 18.74 7.61 6.36 11.02 17.2 6.56 17.38 20.35 26.14 12.15 22.49 14.12 9.23 11.88 22.35 24.73 26.06 19.57 27.77 13.35 21.1 24.78 22.17 0.69 22.38 25.1 29.51 20.26 28.73 22.51 0 14.41 17.88 14.42 25.48 25.06 12.39 23.2 23.41 25.66 26.58 30.08 20.14 11.35 4.06 9.15 33.57 20.28 24 26.61 26.33 26.73 16.78 14.21 29.7 11.01 33.88 16.9 29.01 12.46 27.19 18.59 19.29 22.7 23.7 3.63 18.9 31.07 7.83 6.85 13.37 24.13 5.91 15.57 9.16 29.42 26.48 11.72 20.1 30.04 24.33 18.83 29.17 7.07 20.09 
8.81 7.07 18.33 10.56 24.38 12.07 10.86 24.62 9.23 26.51 12.94 18.25 24.13 25.23 10.94 21.13 7.08 12.21 13.36 6.44 8.05 22.73 13.38 15.17 17.12 25.14 2.74 8.59 18.67 14.54 13.86 15.37 23.07 18.99 10.81 18.72 11.53 21.16 14.28 23.27 21.51 23.94 16.64 18.66 9.22 14.41 0 23.53 0.2 23.22 28.14 2.62 15.2 11.4 21.11 12.17 20.62 25.95 3.13 14.1 17.2 26.76 6.25 9.59 25.86 22.31 23.68 3.28 1.83 23.68 12.79 26.94 12.92 22.89 14.55 28.8 4.67 9.21 8.4 28.47 10.81 9.08 20.78 7.54 8.69 6.58 9.87 8.53 13.42 9.53 16.79 12.07 7.96 7.96 24.09 12.61 7.02 27.28 8.44 8.67 
17.76 16.48 6.39 29.34 28.04 22.58 20.66 14.96 15.82 8.58 11.21 9.63 27.97 22.57 13.48 4.83 21.01 13.24 10.21 20.55 18.22 0.83 16.89 24.42 6.65 5.82 25.3 15.22 6.05 18.46 23.48 23.97 3.35 22.36 13.19 11.42 27.26 9.97 18.56 7.7 14.38 19.37 12.83 24.72 25.89 17.88 23.53 0 23.68 12.99 7.57 23.47 19.02 24.38 15.84 32.54 24.75 2.47 22.12 14.01 8.74 23.75 26.02 30.9 12 15.55 14.63 23.34 21.97 20.03 10.76 24.13 13.35 19.71 8.99 10.32 27.99 20.22 28.55 5.83 18.8 19.84 26.63 17.29 16.58 17.4 32 18.74 11.61 14.28 29.29 32.41 15.62 22.95 20.19 24.46 22.07 14.99 16.72 22.04 
8.85 7.23 18.45 10.62 24.55 12.24 10.82 24.81 9.43 26.69 13.12 18.34 24.3 25.42 11.13 21.31 7.04 12.3 13.5 6.63 8.08 22.88 13.58 15.34 17.25 25.32 2.55 8.71 18.79 14.74 14.02 15.54 23.24 19.17 10.99 18.91 11.64 21.35 14.27 23.45 21.71 24.13 16.83 18.83 9.34 14.42 0.2 23.68 0 23.42 28.31 2.51 15.39 11.55 21.31 12.18 20.8 26.1 3.1 14.15 17.3 26.95 6.33 9.58 26.05 22.51 23.88 3.42 2.03 23.87 12.93 27.13 13.11 23.09 14.71 28.99 4.57 9.4 8.44 28.64 10.81 9.27 20.94 7.62 8.76 6.77 9.82 8.54 13.61 9.65 16.92 12.08 8.12 8.12 24.28 12.77 7.19 27.47 8.51 8.84 
22.24 17.35 15.74 23.95 16.07 15.65 26.25 2.13 14.07 6.77 11.94 19.54 16.06 9.76 12.96 8.5 24.64 19.18 14.49 17.48 22.26 12.57 10.56 15.81 14.13 8.22 25.82 18.07 15.63 10.67 15.54 15.24 9.66 11.71 13.54 4.7 20.86 3.46 26.03 5.39 2.49 6.57 6.59 14.44 20.57 25.48 23.22 12.99 23.42 0 9.71 24.55 10.65 17.78 4.03 27.37 13.62 13.43 23.54 21.55 17.77 10.82 22.37 26.76 3.3 3.04 1.64 21.28 21.39 7.34 14.57 11.21 10.44 7.21 13.02 7.97 26.41 15.46 24.23 12.46 24.52 15.3 15.71 20.63 20.66 16.91 28.33 23.15 10.67 17.5 20.58 27.26 16.56 18.33 7.41 17.21 18.13 4.08 20.63 17.15 
24 21.2 13.52 31.69 25.76 23.84 27.37 10.94 19.26 2.94 15.2 17.08 25.75 19.15 17.24 7.09 27.09 19.75 15.76 23.73 24.33 7.84 18.1 24.75 13.07 3 30.32 20.69 13.23 18.99 24.19 24.21 5.57 21.23 17.33 11.2 29 8.57 25.73 5.46 12.01 16.07 13.41 23.92 28.17 25.06 28.14 7.57 28.31 9.71 0 28.66 19.26 25.91 13.63 35.08 23.28 6.16 27.39 21.07 15.95 19.95 29.16 33.95 7.05 12.75 11.09 27.15 26.39 16.9 16.18 20.33 15.86 16.87 14.21 3.16 32.19 22.53 31.44 3.25 25.49 22.24 25.35 23.09 22.62 21.59 35.31 25 14.82 19.83 29.67 34.96 20.3 25.48 16.91 25.62 24.9 9.61 22.7 24.39 
7.21 7.5 17.84 13.07 26.81 14.5 8.53 26.09 10.5 27.26 13.54 17.22 26.57 27.3 11.8 21.58 4.82 11.23 13.28 8.63 6.45 22.69 15.21 17.67 16.88 25.67 1.94 8.25 18.19 16.56 16.32 17.83 23.39 21.26 11.48 19.93 14.15 22.21 12.17 24.06 23.03 25.82 17.99 21.09 11.84 12.39 2.62 23.47 2.51 24.55 28.66 0 17.27 13.96 22.77 14.43 23 25.93 1.37 12.67 16.41 28.86 8.83 11.75 26.99 23.91 25.16 5.87 3.81 25.62 12.75 29.06 14.12 24.84 14.65 29.59 6.2 11.43 10.84 28.7 8.76 11.24 23.25 6.49 7.52 7.64 11.76 6.68 14.29 9.19 19.41 14.32 8.4 10.48 26.03 15.15 9.46 28.63 7.3 11.1 
18.11 11.97 17.96 13.39 10.95 5.04 22.11 11.13 8.16 16.59 10.22 20.76 10.78 10.04 9.12 14.4 19.25 17.24 13.62 8.77 17.76 18.27 2.89 5.54 15.94 16.8 17.94 14.03 18.08 0.85 4.96 5.03 16.5 4.57 10.02 8.15 10.22 10.69 23.52 13.85 8.24 8.93 6.24 6.05 10.13 23.2 15.2 19.02 15.39 10.65 19.26 17.27 0 7.16 7.1 16.79 6.95 20.61 16.69 20.14 18.87 11.59 12.47 16.43 13.93 8.44 10.29 12.43 13.53 8.56 13.27 11.79 6.91 7.78 13.09 18.32 17.18 6.05 13.94 21.22 20.83 6.13 8.29 16.04 16.66 10.55 18.08 18.73 8.82 14.04 10.48 16.69 11.61 8.4 8.97 6.56 8.65 14.08 16.5 7.25 
17.62 11.96 21.7 6.25 13.22 2.13 21.03 18.28 9.54 23.4 13.73 23.56 12.97 15.71 11.7 20.22 17.49 18.58 16.51 6.21 17.03 23.57 7.83 3.99 19.8 23.24 13.88 14.54 21.92 7.12 2.98 4.35 22.4 8.88 12.4 14.72 3.11 17.41 23.53 20.45 15.4 15.53 12.5 7.67 3.29 23.41 11.4 24.38 11.55 17.78 25.91 13.96 7.16 0 14.25 9.63 9.81 26.32 13.95 21.37 21.86 17.06 6.42 9.48 21.03 15.59 17.45 8.13 10.31 14.96 15.98 17.14 11.04 14.24 16.65 25.28 11.6 4.54 7.12 27.51 20.28 4.97 9.55 15.59 16.57 10.16 11.2 17.89 12.88 15 6.03 9.53 12.15 3.52 15.35 1.25 4.7 21.23 16.34 3.32 
21.64 16.09 17.28 20.49 12.37 12.13 25.74 4.04 12.39 10.73 11.63 20.86 12.33 6.93 11.94 11.05 23.61 19.3 14.76 14.95 21.52 15.29 7.8 11.93 15.43 11.83 23.8 17.34 17.26 7.31 11.79 11.35 12.67 7.68 12.7 4.96 17.27 5.9 26.13 8.81 1.63 3.95 5.42 10.41 17.22 25.66 21.11 15.84 21.31 4.03 13.63 22.77 7.1 14.25 0 23.88 9.65 16.71 21.91 21.95 18.98 8.33 19.37 23.5 7.27 1.34 3.24 18.78 19.31 4.38 14.68 8.69 9.16 3.92 13.55 11.99 23.79 12.58 21 16.22 24.14 12.51 11.72 19.8 20.05 15.26 25.14 22.46 10.13 16.97 16.62 23.78 15.41 15.28 4.63 13.55 15.29 6.99 19.97 14.09 
20.89 17.22 28.63 3.42 20.45 11.75 22.95 27.92 16.73 32.73 21.35 29.48 20.19 24.7 19.09 28.88 19.19 23.65 23.27 12.02 20.14 31.71 17.09 12.65 26.99 32.28 13.1 19.57 28.92 16.7 12.27 13.2 31.05 17.94 19.5 24.02 6.66 26.75 26.45 29.66 25.02 24.97 21.74 15.96 6.91 26.58 12.17 32.54 12.18 27.37 35.08 14.43 16.79 9.63 23.88 0 18.1 34.71 15.28 25.93 28.1 25.88 6.79 2.73 30.59 25.22 27.08 10.17 12.56 24.32 22.68 25.88 19.46 23.64 23.93 34.71 8.62 12.57 4.14 36.37 22.99 12.89 17 19.35 20.51 15.71 3.67 20.68 20.98 20.37 10.16 0.12 17.85 9.67 24.7 10.41 10.47 30.86 20.25 10.71 
24.83 18.66 24.6 15.19 4.04 8.59 28.74 12.95 14.97 20.37 17.09 27.59 3.84 6.87 16.06 19.94 25.65 24.18 20.52 14.41 24.42 24.09 9.83 5.85 22.59 21.38 23.27 20.87 24.68 7.78 6.92 5.46 21.84 2.49 16.96 13.33 11.79 15.24 30.37 18.33 11.27 8.28 12.15 2.19 13.02 30.08 20.62 24.75 20.8 13.62 23.28 23 6.95 9.81 9.65 18.1 0 25.97 22.66 27.08 25.68 7.84 16.23 18.78 16.72 10.61 12.47 17.47 19.19 7.42 20.19 7.81 13.78 7.03 19.88 21.52 21.41 11.65 16.68 25.81 27.57 11.91 2.09 22.74 23.44 17.1 20.54 25.37 15.63 20.93 8.57 18.03 18.41 12.8 7.67 8.59 13.61 15.58 23.26 11.96 
20.21 18.88 8.77 31.47 29.06 24.45 23.05 15.23 18.05 7.94 13.46 11.75 29 23.18 15.73 6.22 23.47 15.68 12.65 22.77 20.68 3.23 18.68 26.1 9.12 5.42 27.75 17.68 8.42 20.12 25.24 25.62 4.15 23.65 15.5 12.7 29.26 10.82 20.82 8.04 15.16 19.97 14.38 26.12 27.99 20.14 25.95 2.47 26.1 13.43 6.16 25.93 20.61 26.32 16.71 34.71 25.97 0 24.58 16.34 11.05 24.25 28.26 33.15 11.85 16.23 15.05 25.66 24.37 20.7 13.2 24.63 15.36 20.47 11.4 9.22 30.38 22.29 30.77 3.69 21.2 21.92 27.92 19.76 19.04 19.75 34.29 21.19 13.73 16.74 31.01 34.59 18.01 25.07 20.81 26.32 24.24 14.78 19.18 24.13 
5.95 6.32 16.47 13.67 26.55 14.29 7.73 25.13 9.55 26.05 12.33 15.87 26.31 26.69 10.68 20.31 3.95 9.87 11.94 8.26 5.19 21.35 14.48 17.51 15.52 24.41 3.3 6.9 16.82 15.95 16.13 17.63 22.09 20.82 10.3 18.88 14.44 21.1 11.18 22.86 22.09 25.07 17.01 20.83 12.11 11.35 3.13 22.12 3.1 23.54 27.39 1.37 16.69 13.95 21.91 15.28 22.66 24.58 0 11.39 15.04 28.26 9.32 12.66 25.9 23.02 24.2 6.06 3.64 24.92 11.42 28.47 13.11 24.14 13.34 28.39 7.33 11.02 11.53 27.38 7.73 10.79 23.04 5.13 6.17 6.67 12.8 5.52 13.15 7.84 19.59 15.17 7.2 10.43 25.32 15.1 9.32 27.62 5.95 10.92 
5.47 9.42 7.63 23.62 31.09 20.59 6.86 23.62 12.34 20.9 10.43 5.11 30.92 28.48 11.03 14.69 8.5 2.91 7.2 15.32 6.22 13.46 17.26 23.66 8.1 18.46 14.58 6.84 7.97 19.3 22.28 23.5 15.55 24.69 10.12 17.27 23.16 18.2 4.69 18.33 21.29 25.85 16.6 25.92 21 4.06 14.1 14.01 14.15 21.55 21.07 12.67 20.14 21.37 21.95 25.93 27.08 16.34 11.39 0 5.29 30.02 19.29 23.52 22.58 22.55 22.84 15.79 13.38 26.1 7.29 30.34 13.52 25.44 8.54 23.15 18.66 16.98 21.87 19.84 5.13 16.57 28.25 6.6 5.44 11.23 23.95 6.15 11.99 6.4 27.38 25.82 9.24 18.31 26.43 22.15 17.05 25.18 5.69 18.08 
9.73 10.88 2.43 25.35 29.54 20.61 12.07 19.9 12.32 16.08 8.66 1.91 29.4 25.83 10.26 10.03 13.03 5.22 5.4 16.44 10.34 8.23 16.07 23.32 3.64 13.49 18.34 8.68 2.73 18.08 22.06 23.04 10.54 23.2 9.48 14.04 24.18 14.31 9.83 13.81 18.02 22.92 14.03 24.9 22.28 9.15 17.2 8.74 17.3 17.77 15.95 16.41 18.87 21.86 18.98 28.1 25.68 11.05 15.04 5.29 0 27.29 21.32 25.98 18.26 19.31 19.23 18.05 16.02 23.32 5.89 27.64 11.97 22.75 5.81 18.23 21.87 17.32 23.97 14.57 10.26 16.88 27.16 9.91 8.93 12.44 26.71 10.64 10.06 7.8 27.64 27.98 10.28 19.35 23.6 22.38 18.19 21.04 9.13 18.81 
29.08 23.13 25.61 22.85 7.38 15.39 33.17 9.09 19.25 17.07 19.59 29.17 7.52 1.59 19.45 19.09 30.61 27.27 22.88 20.33 28.84 23.28 13.88 13.34 23.76 18.96 29.5 24.82 25.58 12.31 14.08 12.84 20.45 8.18 20.3 13.29 19.42 13.84 34 16.21 9.51 4.44 13.44 9.93 20.34 33.57 26.76 23.75 26.95 10.82 19.95 28.86 11.59 17.06 8.33 25.88 7.84 24.25 28.26 30.02 27.29 0 23.31 26.38 12.89 8.26 9.2 23.88 25.12 3.97 22.74 0.39 16.7 4.58 21.76 17.41 28.35 17.56 24.14 22.98 31.71 17.69 9.41 27.1 27.54 21.92 28.13 29.81 18.04 24.6 16.38 25.8 22.61 19.49 3.7 15.93 20.01 10.61 27.42 18.45 
14.46 10.44 21.88 4.41 19.59 7.93 17.02 23.29 10.22 27.03 14.81 22.71 19.33 21.9 12.54 22.64 13.25 16.92 16.53 5.5 13.74 25.19 11.8 10.4 20.27 26.27 8.16 12.81 22.17 12.09 9.35 10.77 24.78 15.15 12.86 18.46 5.51 21.16 20.23 23.85 20.22 21.34 16.17 14.09 3.39 20.28 6.25 26.02 6.33 22.37 29.16 8.83 12.47 6.42 19.37 6.79 16.23 28.26 9.32 19.29 21.32 23.31 0 4.89 25.42 20.69 22.39 3.52 6.07 20.88 15.93 23.42 13.31 20.12 17.26 29.15 5.2 6.91 2.65 30.17 16.77 7.09 15.9 12.76 13.91 8.94 6.14 14.39 14.62 13.59 10.88 6.67 11.07 4.09 21.28 7.65 4.29 26.18 13.65 5.27 
18.38 15.12 26.66 3.64 21.54 11.47 20.28 27.51 15.1 31.74 19.7 27.27 21.28 25.1 17.42 27.5 16.54 21.36 21.33 10.38 17.62 30.07 16.26 13.04 25.1 31.07 10.38 17.35 26.96 16.2 12.38 13.54 29.64 18.26 17.74 23.09 6.99 25.81 23.84 28.59 24.51 25.01 20.8 16.6 6.3 24 9.59 30.9 9.58 26.76 33.95 11.75 16.43 9.48 23.5 2.73 18.78 33.15 12.66 23.52 25.98 26.38 4.89 0 29.9 24.84 26.64 7.93 10.15 24.44 20.74 26.42 18.13 23.72 22.12 33.81 5.88 11.48 2.54 35.02 20.39 11.73 17.95 16.92 18.09 13.73 1.76 18.12 19.49 18.18 11.54 2.65 15.81 8.52 24.83 10.49 9.05 30.44 17.83 9.68 
23.99 19.61 16.01 27.17 18.87 18.89 27.86 3.94 16.63 4.19 13.82 19.87 18.89 12.11 15.22 8.31 26.62 20.49 15.85 20.38 24.1 11.78 13.65 19.11 14.71 6.44 28.37 19.98 15.83 13.91 18.83 18.53 8.7 14.91 15.67 7.15 24.12 4.82 27.21 4.53 5.78 9.08 9.34 17.66 23.75 26.61 25.86 12 26.05 3.3 7.05 26.99 13.93 21.03 7.27 30.59 16.72 11.85 25.9 22.58 18.26 12.89 25.42 29.9 0 6.13 4.26 24.13 24.03 9.94 16.05 13.28 12.94 9.99 14.28 4.81 29.27 18.51 27.37 10.12 26.06 18.33 18.81 22.55 22.43 19.39 31.44 24.94 12.78 19.31 23.87 30.48 18.76 21.42 9.91 20.48 21.15 2.99 22.43 20.25 
22.51 17.1 17.49 21.83 13.05 13.47 26.6 2.7 13.47 9.81 12.36 21.16 13.03 7.01 12.87 10.85 24.59 19.97 15.35 16.21 22.42 15.05 9.06 13.22 15.71 11.16 24.99 18.23 17.44 8.65 13.11 12.63 12.3 8.79 13.59 5.31 18.61 5.6 26.83 8.22 1.29 3.83 6.25 11.54 18.56 26.33 22.31 15.55 22.51 3.04 12.75 23.91 8.44 15.59 1.34 25.22 10.61 16.23 23.02 22.55 19.31 8.26 20.69 24.84 6.13 0 1.95 20.04 20.5 4.49 15.32 8.63 10.12 4.24 14.05 10.91 25.07 13.88 22.34 15.47 24.96 13.8 12.7 20.72 20.92 16.35 26.48 23.36 10.9 17.8 17.85 25.12 16.39 16.6 4.63 14.88 16.6 5.65 20.85 15.42 
23.25 18.12 17.25 23.68 14.68 15.33 27.3 0.93 14.66 8.15 12.97 21.02 14.68 8.18 13.78 10.12 25.52 20.39 15.71 17.73 23.23 14.21 10.64 15.16 15.59 9.79 26.33 19.02 17.16 10.43 15.03 14.58 11.29 10.72 14.42 5.68 20.49 4.99 27.26 7.02 2.19 5.01 7.2 13.47 20.37 26.73 23.68 14.63 23.88 1.64 11.09 25.16 10.29 17.45 3.24 27.08 12.47 15.05 24.2 22.84 19.23 9.2 22.39 26.64 4.26 1.95 0 21.56 21.86 5.82 15.75 9.58 11.13 5.78 14.3 9.06 26.64 15.52 24.12 13.96 25.61 15.41 14.56 21.56 21.66 17.53 28.25 24.14 11.61 18.52 19.81 26.98 17.36 18.31 5.86 16.78 18.23 3.8 21.62 17.12 
10.95 7.2 18.78 7.92 21.17 8.89 13.64 22.49 7.89 25.25 12.25 19.35 20.93 22.38 10.03 20.35 9.9 13.48 13.5 3.83 10.23 22.51 10.98 11.94 17.29 24.19 5.81 9.43 19.09 11.85 10.64 12.16 22.42 15.96 10.17 17 8.38 19.59 16.74 22.01 19.37 21.31 14.79 15.47 6.05 16.78 3.28 23.34 3.42 21.28 27.15 5.87 12.43 8.13 18.78 10.17 17.47 25.66 6.06 15.79 18.05 23.88 3.52 7.93 24.13 20.04 21.56 0 2.59 20.98 12.9 24.04 11.4 20.2 14.41 27.47 5.15 6.38 6.08 27.85 13.3 6.34 17.55 9.25 10.4 5.95 8.75 10.9 12.35 10.25 13.57 10.05 7.93 4.72 21.39 9.35 3.9 25.26 10.14 5.53 
8.4 5.5 16.98 10.48 23.02 10.72 11.08 22.79 7.4 24.72 11.22 17.21 22.79 23.57 9.17 19.42 7.36 11.23 11.87 4.83 7.67 21.16 11.61 13.92 15.66 23.4 4.5 7.34 17.31 12.85 12.55 14.06 21.39 17.46 9.09 16.88 10.89 19.33 14.16 21.48 19.69 22.19 14.8 17.3 8.56 14.21 1.83 21.97 2.03 21.39 26.39 3.81 13.53 10.31 19.31 12.56 19.19 24.37 3.64 13.38 16.02 25.12 6.07 10.15 24.03 20.5 21.86 2.59 0 21.96 11.29 25.31 11.09 21.17 12.98 27 6.03 7.63 8.54 26.8 10.72 7.45 19.47 6.79 7.95 4.81 10.71 8.32 11.64 8.24 15.98 12.44 6.35 6.79 22.36 11.47 5.71 25.44 7.7 7.33 
25.35 19.51 21.65 21.09 8.95 13.05 29.45 6.01 15.66 13.97 15.68 25.2 8.98 2.56 15.66 15.3 27.04 23.37 18.94 17.27 25.15 19.52 10.44 11.71 19.79 15.56 26.42 21.06 21.63 9.14 12.09 11.14 16.78 6.49 16.49 9.33 17.68 10.07 30.14 12.67 5.67 0.89 9.5 8.99 18.2 29.7 23.68 20.03 23.87 7.34 16.9 25.62 8.56 14.96 4.38 24.32 7.42 20.7 24.92 26.1 23.32 3.97 20.88 24.44 9.94 4.49 5.82 20.98 21.96 0 18.81 4.32 12.88 0.78 17.8 14.7 25.72 14.6 22.06 19.78 27.94 14.66 9.45 23.41 23.79 18.42 26.16 26.11 14.14 20.79 15.68 24.24 18.94 16.87 0.41 13.98 17.2 8.31 23.68 15.75 
