75 2775
5.37 7.79 11.37
86825.2
7 88 5 29 75 88 66 88 98 71 9 4 16 57 17 58 81 63 51 23 10 66 86 62 43 13 12 53 90 6 20 63 80 85 37 36 71 82 46 94 88 98 30 67 26 11 46 43 23 31 48 7 25 86 98 2 11 23 19 63 69 37 49 91 81 42 5 20 20 75 83 58 52 1 65 
0 19.66 22.43 14.61 6.75 13.25 25.66 1.76 25.89 17.97 27.55 27.25 2.99 7.9 19.53 15.8 23.3 10.95 15.16 6.44 8.74 22.28 23.64 9.71 14.28 6.55 15.14 17.85 3.4 29.97 16.18 21.18 14.84 7.49 21.6 8.7 6.36 1.31 0.93 7.05 2.8 19.1 14.34 8.98 2.15 28.98 18.26 19.24 12.85 24.24 12.68 17.21 8.86 6.16 15.2 16.92 9.98 22.82 13.64 25.84 18.19 20.26 20.1 4.65 18.31 20.72 3.4 28.24 11.87 23.63 10.08 8.31 21.97 27.09 28.21 
19.66 0 24.24 23.59 12.91 18.19 21.52 18.88 8.93 5.59 19.63 18.64 21.81 13.63 18.74 17.16 17.37 22.76 7.53 23.72 14.91 23.53 4.29 10.72 21.9 20.73 16.79 16.12 21.41 22.01 19.85 20.03 12.02 12.35 23.85 13.95 13.3 19.95 19.35 16.43 22.46 5.15 8.57 11.69 18.94 20.89 6.84 0.43 15.05 5.42 9.63 29.24 24.02 14.54 13.19 13.56 19.89 29.89 24.43 19.58 9.14 31 17.6 21.55 20.84 5.83 17.41 20.48 9.71 23.73 25.64 15.1 32.4 20 15.61 
22.43 24.24 0 9.24 20.88 9.37 7.11 20.69 22.03 18.67 11.74 12.44 25.2 25.29 5.5 7.94 9.24 12.88 27.1 19.16 14.91 0.82 27.8 23.9 8.58 16.43 8.58 8.14 25.81 12.71 6.36 4.5 12.69 19.78 0.84 15.68 20.97 23.72 21.49 26.94 23.52 28.21 27.25 24.24 20.28 12.42 17.48 24.12 11.25 24.21 26.57 12.85 16.48 24.11 11.46 10.71 12.57 7.53 11.15 9.53 15.2 11.91 6.85 18.98 4.3 19.53 19.41 11.77 25.71 2.1 16.94 15.22 12.28 10.7 17.27 
14.61 23.59 9.24 0 15.43 5.48 15.1 13.04 24.84 18.74 18.91 19.21 17.05 19.59 9.67 7.7 15.05 3.88 23.75 10.19 9.72 9.47 27.76 19.19 1.8 8.1 7.66 10.25 17.81 20.62 5.36 10.53 11.99 14.68 8.42 10.78 15.35 15.92 13.72 20.45 15.08 26.14 23.53 19.17 12.59 20.01 17.99 23.32 8.58 25.57 22.38 5.87 7.34 18.03 11.08 11.74 5.01 8.28 1.97 16.67 16.21 7.45 11.2 10.46 6.59 20.72 12.25 19.26 21.42 11.08 7.7 9.8 8.96 18.04 22.76 
6.75 12.91 20.88 15.43 0 11.69 22.25 6.05 19.43 11.55 23.13 22.63 9.11 4.42 16.65 13.12 19.12 12.84 9.25 11.44 6.06 20.5 16.94 3.93 14.34 9.26 12.44 14.34 8.9 25.68 14.62 18.37 10.16 1.25 20.15 5.2 0.4 7.15 6.46 6.38 9.55 12.8 8.69 3.76 6.19 24.6 12.05 12.5 9.74 17.53 7.26 19.85 12.61 3.42 10.96 12.61 10.48 23.49 15.3 21.78 12.46 22.45 16.67 9.2 16.58 14.29 4.85 23.91 6.3 21.54 14.19 5.83 24.1 22.89 22.64 
13.25 18.19 9.37 5.48 11.69 0 12.73 11.5 19.52 13.26 15.52 15.55 16.14 16.1 6.54 3.1 11.3 6.25 19.03 11.31 5.64 9.12 22.33 15.05 3.73 7.94 2.69 5.78 16.65 17.66 3.01 8.06 6.51 10.69 8.59 6.53 11.74 14.52 12.33 17.6 14.7 21.04 18.96 15.25 11.11 16.83 12.52 17.94 3.14 20.1 18.01 11.32 9.4 14.82 5.66 6.56 4.18 12.26 6.73 13.48 10.8 12.82 7.54 10.44 5.12 15.26 10.1 16.06 17.08 10.4 10.56 5.91 14.21 14.84 18.26 
25.66 21.52 7.11 15.1 22.25 12.73 0 23.91 17 16.11 4.73 5.59 28.62 26.44 6.19 9.88 4.16 18.11 26.19 23.93 17.08 6.42 24.34 24.36 13.85 20.66 10.53 7.96 29.03 5.65 10.34 4.74 12.29 21.02 7.58 17.48 22.46 26.85 24.76 28.63 27.36 26.22 26.63 24.96 23.57 5.3 14.79 21.53 12.9 20.01 26.38 19.66 21.66 25.67 11.33 9.78 16.81 14.56 17.07 2.75 12.61 19 5.63 23.17 8.56 15.97 22.32 4.67 25.66 5.1 22.48 17.49 19.39 3.67 10.84 
1.76 18.88 20.69 13.04 6.05 11.5 23.91 0 24.68 16.77 25.86 25.59 4.71 8.2 17.78 14.05 21.6 9.48 15 5.79 7.07 20.54 22.97 9.5 12.62 5.08 13.39 16.13 5.16 28.27 14.43 19.43 13.25 6.54 19.87 7.11 5.69 3.03 0.84 7.94 3.95 18.77 14.27 8.9 0.45 27.29 16.97 18.47 11.13 23.24 12.67 15.98 7.78 6.4 13.55 15.27 8.3 21.28 12.17 24.13 16.75 18.96 18.37 3.67 16.56 19.52 1.79 26.54 11.79 21.89 9.16 6.64 20.67 25.39 26.69 
25.89 8.93 22.03 24.84 19.43 19.52 17 24.68 0 7.93 13.54 12.41 28.51 21.48 16.93 17.22 13.16 25.42 16.39 28.33 18.76 21.23 9.09 18.51 23.04 24.87 17.19 15.02 28.33 15.41 19.88 17.54 13.22 18.47 21.95 18.14 19.82 26.51 25.35 24.33 28.59 13.85 17.37 19.48 24.61 14.43 7.79 9.25 16.78 4.14 18.23 30.71 27.72 21.95 13.88 13.11 22.68 29.02 26.25 14.42 8.82 31.62 15.33 26.44 19.95 5.17 22.96 14.28 18.11 20.8 29.22 19.11 32.7 14.28 7.84 
17.97 5.59 18.67 18.74 11.55 13.26 16.11 16.77 7.93 0 14.73 13.85 20.6 14.03 13.17 11.82 12 18.51 10.7 20.67 11.19 17.95 9.28 11.14 16.98 17.32 11.52 10.57 20.44 17.24 14.56 14.44 6.8 10.56 18.3 10.45 11.94 18.6 17.42 16.84 20.66 10.12 11.4 12.06 16.71 16.1 1.32 5.51 10.17 7.02 11.73 24.54 20.37 14.26 7.88 8.03 15.65 24.52 19.82 14.36 3.57 26.02 12.01 18.69 15.38 2.76 15.06 15.6 11.33 18.14 21.93 11.49 27.33 14.96 11.99 
27.55 19.63 11.74 18.91 23.13 15.52 4.73 25.86 13.54 14.73 0 1.13 30.53 26.97 9.3 12.43 4.29 21.46 25.37 26.81 18.81 11 21.78 24.54 17.44 23.35 12.96 9.9 30.8 2.58 13.73 8.44 13.01 21.89 12.12 18.94 23.4 28.65 26.7 29.44 29.57 24.65 25.98 25.27 25.57 1.47 13.46 19.72 14.77 17.07 26.03 23.9 24.86 26.5 12.4 10.68 19.7 19.24 20.83 2.28 11.65 23.5 7.99 25.74 12.34 13.81 24.15 0.86 25.44 9.8 25.88 19.23 23.99 1.06 6.45 
27.25 18.64 12.44 19.21 22.63 15.55 5.59 25.59 12.41 13.85 1.13 0 30.23 26.38 9.54 12.45 4.26 21.59 24.52 26.78 18.52 11.68 20.71 23.88 17.68 23.28 12.92 9.83 30.47 3.39 13.94 8.86 12.57 21.38 12.76 18.6 22.91 28.32 26.42 28.89 29.35 23.69 25.16 24.64 25.31 2.26 12.59 18.75 14.57 15.97 25.27 24.35 24.93 25.97 12.06 10.33 19.71 19.97 21.1 2.92 10.88 24.08 8.11 25.62 12.7 12.82 23.85 1.9 24.71 10.56 26 18.95 24.63 2.04 5.37 
2.99 21.81 25.2 17.05 9.11 16.14 28.62 4.71 28.51 20.6 30.53 30.23 0 8.97 22.48 18.75 26.29 13.25 16.56 7.75 11.73 25.09 25.63 11.37 16.9 8.96 18.09 20.84 1 32.96 19.02 24.11 17.79 10.04 24.37 11.66 8.72 2.01 3.86 7.16 2.32 20.68 15.62 10.49 5.05 31.97 20.97 21.39 15.83 26.62 13.94 18.96 10.6 7.5 18.18 19.9 12.66 25.11 15.87 28.82 21.03 22.11 23.08 6.63 21.15 23.35 6.39 31.23 13.25 26.48 11.51 11.3 23.8 30.08 31.11 
7.9 13.63 25.29 19.59 4.42 16.1 26.44 8.2 21.48 14.03 26.97 26.38 8.97 0 20.98 17.51 23.12 16.69 7.61 13.98 10.46 24.91 17.07 2.98 18.61 12.67 16.83 18.59 8.31 29.55 19.03 22.7 14.19 5.54 24.57 9.62 4.36 7.52 8.14 2.86 10.38 11.77 6.65 2 8.53 28.44 14.84 13.21 14.13 18.85 4.97 23.61 15.8 1.8 15.11 16.7 14.59 27.75 19.27 25.78 15.76 26.37 20.91 11.85 21 16.57 7.86 27.78 4.33 25.93 17.27 10.21 28.05 26.82 25.79 
19.53 18.74 5.5 9.67 16.65 6.54 6.19 17.78 16.93 13.17 9.3 9.54 22.48 20.98 0 3.74 5.39 12.19 21.94 17.8 11.11 4.79 22.31 19.23 8.14 14.48 4.41 2.71 22.92 11.24 4.42 1.72 7.44 15.45 5.19 11.63 16.81 20.75 18.62 22.96 21.18 22.8 22.18 19.69 17.43 10.5 11.98 18.63 6.97 18.82 21.65 14.99 15.66 20.02 6.26 5.26 10.66 12.08 11.56 7.12 9.7 15.16 1.69 16.98 3.3 14.08 16.23 9.73 20.83 5.21 16.6 11.5 16.02 8.5 13.33 
15.8 17.16 7.94 7.7 13.12 3.1 9.88 14.05 17.22 11.82 12.43 12.45 18.75 17.51 3.74 0 8.2 9.26 19.23 14.38 7.41 7.46 21.08 15.98 5.93 10.95 0.69 2.71 19.18 14.61 2.76 5.42 5.15 11.97 7.31 8 13.25 17.01 14.89 19.36 17.49 20.64 19.34 16.35 13.69 13.76 10.85 16.97 3.38 18.29 18.63 13.52 12.5 16.45 3.97 4.12 7.27 12.73 9.32 10.42 8.82 14.47 4.49 13.39 3.85 13.4 12.49 12.99 17.77 8.41 13.63 7.79 15.66 11.77 15.29 
23.3 17.37 9.24 15.05 19.12 11.3 4.16 21.6 13.16 12 4.29 4.26 26.29 23.12 5.39 8.2 0 17.34 22.26 22.55 14.56 8.43 20.2 20.84 13.48 19.07 8.69 5.62 26.58 6.67 9.74 5.05 8.97 17.88 9.37 14.75 19.38 24.42 22.44 25.48 25.29 22.11 22.76 21.5 21.31 5.69 10.68 17.38 10.49 15.94 22.62 20.35 20.68 22.53 8.24 6.53 15.47 16.67 16.92 2.67 8.54 20.34 3.87 21.45 8.65 11.82 19.9 4.94 21.96 7.74 21.75 14.99 21.04 3.81 8.13 
10.95 22.76 12.88 3.88 12.84 6.25 18.11 9.48 25.42 18.51 21.46 21.59 13.25 16.69 12.19 9.26 17.34 0 21.74 6.33 7.96 13.01 27.04 16.75 4.36 4.41 8.93 11.97 14.04 23.42 7.8 13.39 12.2 12.33 12.05 9 12.69 12.24 10.1 17.2 11.22 24.61 21.36 16.57 9.03 22.68 18.01 22.45 8.64 25.52 20.05 7.01 3.61 15.01 11.6 12.74 2.88 11.88 2.69 19.3 16.6 9.68 13.49 6.63 9.59 20.82 8.98 21.91 19.08 14.58 4.42 7.87 11.37 20.68 24.5 
15.16 7.53 27.1 23.75 9.25 19.03 26.19 15 16.39 10.7 25.37 24.52 16.56 7.61 21.94 19.23 22.26 21.74 0 20.63 14.05 26.53 9.98 5.5 22.36 18.48 18.66 19.24 15.92 27.9 21.5 23.52 14.49 9.46 26.52 12.98 9.53 15 15.19 10.02 17.82 4.21 1.11 6.19 15.23 26.76 11.93 7.17 16.2 12.92 2.67 28.72 21.84 9.11 15.69 16.8 19.11 31.29 24 24.79 13.78 31.08 21.27 18.4 23.07 12.41 14.06 26.23 3.32 27.14 23.44 14.02 32.67 25.51 22.43 
6.44 23.72 19.16 10.19 11.44 11.31 23.93 5.79 28.33 20.67 26.81 26.78 7.75 13.98 17.8 14.38 22.55 6.33 20.63 0 9.58 19.24 27.94 15.16 10.59 3.59 13.86 16.95 8.7 28.97 13.63 19.2 15.6 11.57 18.32 10.23 11.13 7.45 5.92 13.48 5.48 24.23 19.96 14.63 5.48 28.13 20.56 23.34 12.49 27.54 18.4 11.23 3 12.19 15.45 16.96 7.14 17.77 8.64 24.78 19.76 14.39 18.85 2.24 15.62 23.31 6.59 27.36 17.49 20.78 3.76 9.23 16.07 26.14 28.92 
8.74 14.91 14.91 9.72 6.06 5.64 17.08 7.07 18.76 11.19 18.81 18.52 11.73 10.46 11.11 7.41 14.56 7.96 14.05 9.58 0 14.58 19.2 9.57 8.43 6.13 6.72 9.18 12.03 21.23 8.59 12.81 6.3 5.11 14.16 1.08 6.1 9.86 7.9 12.04 10.88 16.68 13.81 9.68 6.8 20.24 11 14.58 4.19 18.16 12.69 14.78 9.22 9.2 6.5 8.2 5.15 17.54 9.99 17.11 10.23 17.04 11.47 7.77 10.61 13.78 5.34 19.5 11.73 15.72 10.81 0.43 18.62 18.36 19.8 
22.28 23.53 0.82 9.47 20.5 9.12 6.42 20.54 21.23 17.95 11 11.68 25.09 24.91 4.79 7.46 8.43 13.01 26.53 19.24 14.58 0 27.06 23.44 8.66 16.4 8.11 7.46 25.67 12.05 6.12 3.7 12.07 19.38 1.18 15.31 20.6 23.57 21.35 26.62 23.47 27.55 26.7 23.81 20.13 11.72 16.75 23.42 10.81 23.42 26.06 13.38 16.62 23.77 10.85 10.03 12.51 8.31 11.41 8.77 14.46 12.57 6.07 18.96 4 18.77 19.2 11.06 25.21 1.62 17.15 14.91 12.99 9.97 16.47 
23.64 4.29 27.8 27.76 16.94 22.33 24.34 22.97 9.09 9.28 21.78 20.71 25.63 17.07 22.31 21.08 20.2 27.04 9.98 27.94 19.2 27.06 0 14.31 26.05 25 20.77 19.78 25.15 23.96 23.82 23.45 16.01 16.48 27.48 18.23 17.32 23.83 23.4 19.74 26.43 6.09 11.09 15.24 23.06 22.89 10.36 4.63 19.19 4.97 12.51 33.46 28.3 18.2 17.13 17.28 24.16 33.8 28.66 22.12 12.61 35.14 21.02 25.76 24.65 8.41 21.56 22.6 12.85 27.09 29.92 19.38 36.51 22.32 16.78 
9.71 10.72 23.9 19.19 3.93 15.05 24.36 9.5 18.51 11.14 24.54 23.88 11.37 2.98 19.23 15.98 20.84 16.75 5.5 15.16 9.57 23.44 14.31 0 17.99 13.18 15.33 16.7 10.84 27.13 17.83 20.92 12.08 4.5 23.22 8.56 4.15 9.67 9.69 5.83 12.42 9.4 4.81 0.98 9.73 26 12.01 10.29 12.65 15.89 3.33 23.76 16.5 3.89 13.11 14.59 14.31 27.11 19.17 23.49 13.11 26.31 18.96 12.93 19.66 13.63 8.61 25.37 2.37 24.32 18.07 9.42 27.96 24.46 23 
14.28 21.9 8.58 1.8 14.34 3.73 13.85 12.62 23.04 16.98 17.44 17.68 16.9 18.61 8.14 5.93 13.48 4.36 22.36 10.59 8.43 8.66 26.05 17.99 0 7.97 5.86 8.51 17.59 19.27 3.74 9.17 10.21 13.5 7.74 9.47 14.3 15.59 13.36 19.7 15.08 24.6 22.19 18.05 12.18 18.59 16.21 21.65 6.86 23.79 21.12 7.67 7.98 17.13 9.28 9.94 4.32 9.15 3.46 15.23 14.42 9.1 9.61 10.48 5.29 18.93 11.62 17.84 20.16 10.22 8.65 8.57 10.53 16.61 21.07 
6.55 20.73 16.43 8.1 9.26 7.94 20.66 5.08 24.87 17.32 23.35 23.28 8.96 12.67 14.48 10.95 19.07 4.41 18.48 3.59 6.13 16.4 25 13.18 7.97 0 10.39 13.46 9.71 25.56 10.51 15.97 12.03 9.06 15.59 6.91 9.03 7.84 5.68 12.91 7.11 21.76 17.95 12.84 4.64 24.69 17.12 20.37 8.91 24.26 16.5 11 3.39 10.92 11.86 13.38 3.92 16.27 7.1 21.37 16.23 13.92 15.43 2.56 12.59 19.91 4.81 23.92 15.55 17.88 5.01 5.83 15.62 22.71 25.34 
15.14 16.79 8.58 7.66 12.44 2.69 10.53 13.39 17.19 11.52 12.96 12.92 18.09 16.83 4.41 0.69 8.69 8.93 18.66 13.86 6.72 8.11 20.77 15.33 5.86 10.39 0 3.11 18.52 15.18 3.06 6.1 4.77 11.29 7.92 7.31 12.57 16.35 14.23 18.67 16.86 20.16 18.75 15.69 13.04 14.3 10.61 16.59 2.71 18.11 18.01 13.52 12.07 15.77 3.65 4.08 6.8 13.11 9.17 10.99 8.66 14.61 5.07 12.82 4.41 13.23 11.82 13.53 17.14 9.09 13.25 7.1 15.85 12.32 15.58 
17.85 16.12 8.14 10.25 14.34 5.78 7.96 16.13 15.02 10.57 9.9 9.83 20.84 18.59 2.71 2.71 5.62 11.97 19.24 16.95 9.18 7.46 19.78 16.7 8.51 13.46 3.11 0 21.19 12.19 4.97 4.29 4.76 13.11 7.73 9.53 14.53 19.01 16.97 20.7 19.74 20.1 19.5 17.21 15.81 11.27 9.43 15.99 5.01 16.53 19.02 15.97 15.17 17.75 3.61 2.57 9.91 14.2 11.95 8.02 7.19 16.63 2.34 15.84 5 11.7 14.47 10.51 18.22 7.91 16.33 9.59 17.68 9.32 12.6 
3.4 21.41 25.81 17.81 8.9 16.65 29.03 5.16 28.33 20.44 30.8 30.47 1 8.31 22.92 19.18 26.58 14.04 15.92 8.7 12.03 25.67 25.15 10.84 17.59 9.71 18.52 21.19 0 33.25 19.58 24.57 17.96 9.91 24.98 11.87 8.51 2.17 4.33 6.32 3.3 20.07 14.95 9.94 5.55 32.25 20.88 20.98 16.18 26.31 13.28 19.88 11.5 6.95 18.42 20.14 13.31 25.92 16.69 29.14 21.04 23.01 23.45 7.46 21.71 23.18 6.71 31.51 12.62 27.03 12.46 11.61 24.71 30.38 31.17 
29.97 22.01 12.71 20.62 25.68 17.66 5.65 28.27 15.41 17.24 2.58 3.39 32.96 29.55 11.24 14.61 6.67 23.42 27.9 28.97 21.23 12.05 23.96 27.13 19.27 25.56 15.18 12.19 33.25 0 15.63 10.11 15.54 24.44 13.22 21.41 25.95 31.09 29.11 32 31.93 27.07 28.53 27.85 27.96 1.14 15.98 22.12 17.14 19.14 28.6 25.31 26.9 29.06 14.89 13.17 21.83 20.01 22.58 4.19 14.22 24.62 10.12 27.99 14.04 16.18 26.57 1.77 28.02 10.64 27.83 21.66 24.95 2.88 7.8 
16.18 19.85 6.36 5.36 14.62 3.01 10.34 14.43 19.88 14.56 13.73 13.94 19.02 19.03 4.42 2.76 9.74 7.8 21.5 13.63 8.59 6.12 23.82 17.83 3.74 10.51 3.06 4.97 19.58 15.63 0 5.61 7.83 13.56 5.58 9.42 14.68 17.46 15.25 20.59 17.48 23.16 21.52 18.09 14.03 14.91 13.61 19.65 5.31 21.05 20.68 11.01 11.32 17.79 6.69 6.84 6.6 10.06 7.19 11.54 11.58 11.75 5.87 13.07 2.14 16.16 13.08 14.15 19.78 7.46 12.2 8.89 12.91 12.92 17.4 
21.18 20.03 4.5 10.53 18.37 8.06 4.74 19.43 17.54 14.44 8.44 8.86 24.11 22.7 1.72 5.42 5.05 13.39 23.52 19.2 12.81 3.7 23.45 20.92 9.17 15.97 6.1 4.29 24.57 10.11 5.61 0 9.05 17.18 4.43 13.35 18.53 22.41 20.26 24.68 22.75 24.24 23.79 21.4 19.06 9.48 13.21 19.94 8.69 19.74 23.3 15.49 16.93 21.75 7.89 6.75 12.09 11.69 12.48 6.17 10.9 15.31 2.43 18.49 3.94 15.12 17.9 8.74 22.5 3.71 17.78 13.2 15.99 7.53 13.18 
14.84 12.02 12.69 11.99 10.16 6.51 12.29 13.25 13.22 6.8 13.01 12.57 17.79 14.19 7.44 5.15 8.97 12.2 14.49 15.6 6.3 12.07 16.01 12.08 10.21 12.03 4.77 4.76 17.96 15.54 7.83 9.05 0 8.91 12.17 6.14 10.42 15.84 14.05 16.51 17.13 15.57 14.74 12.67 13.02 14.47 6 11.83 3.57 13.59 14.27 17.83 14.62 13.56 1.23 2.51 9.47 17.87 13.19 11.63 4.41 19.22 6.92 13.98 8.91 8.75 11.47 13.77 13.5 12.65 16.06 6.71 20.53 12.73 13.51 
7.49 12.35 19.78 14.68 1.25 10.69 21.02 6.54 18.47 10.56 21.89 21.38 10.04 5.54 15.45 11.97 17.88 12.33 9.46 11.57 5.11 19.38 16.48 4.5 13.5 9.06 11.29 13.11 9.91 24.44 13.56 17.18 8.91 0 19.06 4.16 1.53 8.05 7.06 7.62 10.25 12.73 9.03 4.57 6.59 23.36 10.97 11.95 8.59 16.76 7.74 19.34 12.45 4.66 9.71 11.37 9.82 22.64 14.7 20.54 11.28 21.83 15.44 9.35 15.49 13.31 5.08 22.67 6.77 20.38 14.06 4.93 23.47 21.64 21.46 
21.6 23.85 0.84 8.42 20.15 8.59 7.58 19.87 21.95 18.3 12.12 12.76 24.37 24.57 5.19 7.31 9.37 12.05 26.52 18.32 14.16 1.18 27.48 23.22 7.74 15.59 7.92 7.73 24.98 13.22 5.58 4.43 12.17 19.06 0 14.95 20.23 22.9 20.67 26.17 22.68 27.72 26.65 23.54 19.46 12.87 17.14 23.72 10.57 23.99 25.94 12.2 15.65 23.36 10.94 10.29 11.73 7.31 10.34 9.87 14.87 11.42 6.66 18.14 3.57 19.27 18.6 12.21 25.06 2.76 16.12 14.46 11.88 11.1 17.46 
8.7 13.95 15.68 10.78 5.2 6.53 17.48 7.11 18.14 10.45 18.94 18.6 11.66 9.62 11.63 8 14.75 9 12.98 10.23 1.08 15.31 18.23 8.56 9.47 6.91 7.31 9.53 11.87 21.41 9.42 13.35 6.14 4.16 14.95 0 5.29 9.73 7.91 11.36 11.02 15.62 12.75 8.72 6.9 20.39 10.35 13.61 4.66 17.36 11.65 15.85 10.1 8.46 6.54 8.27 6.22 18.56 11.07 17.34 9.78 18.11 11.85 8.3 11.38 13.09 5.33 19.66 10.7 16.39 11.71 1.15 19.7 18.55 19.58 
6.36 13.3 20.97 15.35 0.4 11.74 22.46 5.69 19.82 11.94 23.4 22.91 8.72 4.36 16.81 13.25 19.38 12.69 9.53 11.13 6.1 20.6 17.32 4.15 14.3 9.03 12.57 14.53 8.51 25.95 14.68 18.53 10.42 1.53 20.23 5.29 0 6.76 6.08 6.17 9.16 13.13 8.94 3.88 5.84 24.88 12.42 12.89 9.88 17.93 7.47 19.69 12.36 3.22 11.19 12.86 10.39 23.45 15.18 22.03 12.8 22.32 16.86 8.89 16.67 14.67 4.54 24.18 6.52 21.66 13.94 5.85 23.98 23.15 22.98 
1.31 19.95 23.72 15.92 7.15 14.52 26.85 3.03 26.51 18.6 28.65 28.32 2.01 7.52 20.75 17.01 24.42 12.24 15 7.45 9.86 23.57 23.83 9.67 15.59 7.84 16.35 19.01 2.17 31.09 17.46 22.41 15.84 8.05 22.9 9.73 6.76 0 2.24 6.24 2.86 19.05 14.12 8.85 3.44 30.09 18.97 19.53 14.01 24.68 12.44 18.4 10.02 5.9 16.26 17.99 11.29 24.11 14.92 26.97 19.03 21.47 21.28 5.83 19.59 21.35 4.54 29.35 11.69 24.91 11.16 9.44 23.18 28.22 29.12 
0.93 19.35 21.49 13.72 6.46 12.33 24.76 0.84 25.35 17.42 26.7 26.42 3.86 8.14 18.62 14.89 22.44 10.1 15.19 5.92 7.9 21.35 23.4 9.69 13.36 5.68 14.23 16.97 4.33 29.11 15.25 20.26 14.05 7.06 20.67 7.91 6.08 2.24 0 7.6 3.24 19.04 14.41 9.03 1.22 28.13 17.66 18.94 11.98 23.81 12.78 16.46 8.16 6.36 14.38 16.09 9.06 21.94 12.79 24.97 17.5 19.48 19.21 3.96 17.38 20.18 2.58 27.38 11.93 22.7 9.45 7.47 21.19 26.23 27.47 
7.05 16.43 26.94 20.45 6.38 17.6 28.63 7.94 24.33 16.84 29.44 28.89 7.16 2.86 22.96 19.36 25.48 17.2 10.02 13.48 12.04 26.62 19.74 5.83 19.7 12.91 18.67 20.7 6.32 32 20.59 24.68 16.51 7.62 26.17 11.36 6.17 6.24 7.6 0 9.02 14.23 8.97 4.86 8.36 30.91 17.61 16.01 16 21.69 7.35 23.89 15.72 2.96 17.33 18.98 15.47 28.72 19.87 28.14 18.42 26.82 23.03 11.55 22.64 19.41 8.24 30.23 6.9 27.74 17.04 11.71 28.52 29.23 28.52 
2.8 22.46 23.52 15.08 9.55 14.7 27.36 3.95 28.59 20.66 29.57 29.35 2.32 10.38 21.18 17.49 25.29 11.22 17.82 5.48 10.88 23.47 26.43 12.42 15.08 7.11 16.86 19.74 3.3 31.93 17.48 22.75 17.13 10.25 22.68 11.02 9.16 2.86 3.24 9.02 0 21.82 16.95 11.64 4.12 30.98 20.9 22.04 14.8 27.01 15.28 16.71 8.38 8.73 17.37 19.06 10.96 23.02 13.79 27.76 20.7 19.86 21.91 4.62 19.59 23.42 5.73 30.23 14.5 24.91 9.22 10.45 21.55 29.05 30.6 
19.1 5.15 28.21 26.14 12.8 21.04 26.22 18.77 13.85 10.12 24.65 23.69 20.68 11.77 22.8 20.64 22.11 24.61 4.21 24.23 16.68 27.55 6.09 9.4 24.6 21.76 20.16 20.1 20.07 27.07 23.16 24.24 15.57 12.73 27.72 15.62 13.13 19.05 19.04 14.23 21.82 0 5.28 10.2 18.95 25.94 11.43 4.97 17.99 9.94 6.88 31.46 25.15 13.18 16.79 17.54 21.83 33.18 26.65 24.45 13.63 33.58 21.86 21.99 24.46 10.92 17.65 25.51 7.45 27.94 26.77 16.74 35.1 24.96 20.76 
14.34 8.57 27.25 23.53 8.69 18.96 26.63 14.27 17.37 11.4 25.98 25.16 15.62 6.65 22.18 19.34 22.76 21.36 1.11 19.96 13.81 26.7 11.09 4.81 22.19 17.95 18.75 19.5 14.95 28.53 21.52 23.79 14.74 9.03 26.65 12.75 8.94 14.12 14.41 8.97 16.95 5.28 0 5.38 14.52 27.39 12.6 8.19 16.22 13.97 1.68 28.36 21.3 8.22 15.92 17.11 18.8 31.19 23.69 25.32 14.34 30.8 21.59 17.74 23.16 13.25 13.43 26.84 2.49 27.38 22.87 13.74 32.41 26.09 23.25 
8.98 11.69 24.24 19.17 3.76 15.25 24.96 8.9 19.48 12.06 25.27 24.64 10.49 2 19.69 16.35 21.5 16.57 6.19 14.63 9.68 23.81 15.24 0.98 18.05 12.84 15.69 17.21 9.94 27.85 18.09 21.4 12.67 4.57 23.54 8.72 3.88 8.85 9.03 4.86 11.64 10.2 5.38 0 9.16 26.74 12.9 11.27 13 16.87 3.77 23.57 16.12 2.99 13.66 15.18 14.24 27.19 19.06 24.17 13.92 26.2 19.49 12.42 19.98 14.58 8.16 26.09 2.9 24.74 17.67 9.49 27.86 25.16 23.88 
2.15 18.94 20.28 12.59 6.19 11.11 23.57 0.45 24.61 16.71 25.57 25.31 5.05 8.53 17.43 13.69 21.31 9.03 15.23 5.48 6.8 20.13 23.06 9.73 12.18 4.64 13.04 15.81 5.55 27.96 14.03 19.06 13.02 6.59 19.46 6.9 5.84 3.44 1.22 8.36 4.12 18.95 14.52 9.16 0 26.99 16.87 18.54 10.82 23.23 12.93 15.55 7.38 6.73 13.29 15 7.87 20.83 11.73 23.81 16.6 18.52 18.04 3.32 16.16 19.45 1.65 26.24 12.04 21.49 8.78 6.37 20.23 25.09 26.48 
28.98 20.89 12.42 20.01 24.6 16.83 5.3 27.29 14.43 16.1 1.47 2.26 31.97 28.44 10.5 13.76 5.69 22.68 26.76 28.13 20.24 11.72 22.89 26 18.59 24.69 14.3 11.27 32.25 1.14 14.91 9.48 14.47 23.36 12.87 20.39 24.88 30.09 28.13 30.91 30.98 25.94 27.39 26.74 26.99 0 14.83 21 16.18 18.1 27.46 24.85 26.12 27.98 13.86 12.13 21.01 19.83 21.95 3.38 13.08 24.29 9.28 27.1 13.42 15.06 25.58 0.77 26.89 10.39 27.1 20.67 24.69 2 6.96 
18.26 6.84 17.48 17.99 12.05 12.52 14.79 16.97 7.79 1.32 13.46 12.59 20.97 14.84 11.98 10.85 10.68 18.01 11.93 20.56 11 16.75 10.36 12.01 16.21 17.12 10.61 9.43 20.88 15.98 13.61 13.21 6 10.97 17.14 10.35 12.42 18.97 17.66 17.61 20.9 11.43 12.6 12.9 16.87 14.83 0 6.79 9.51 7.59 12.83 23.84 20.07 14.93 6.98 6.94 15.18 23.49 19.17 13.05 2.3 25.19 10.77 18.65 14.31 2.82 15.22 14.32 12.38 16.89 21.6 11.33 26.46 13.66 11 
19.24 0.43 24.12 23.32 12.5 17.94 21.53 18.47 9.25 5.51 19.72 18.75 21.39 13.21 18.63 16.97 17.38 22.45 7.17 23.34 14.58 23.42 4.63 10.29 21.65 20.37 16.59 15.99 20.98 22.12 19.65 19.94 11.83 11.95 23.72 13.61 12.89 19.53 18.94 16.01 22.04 4.97 8.19 11.27 18.54 21 6.79 0 14.8 5.81 9.23 28.96 23.67 14.11 13.01 13.43 19.57 29.7 24.14 19.62 9.08 30.74 17.52 21.17 20.67 5.95 17.01 20.58 9.3 23.64 25.29 14.76 32.15 20.08 15.82 
12.85 15.05 11.25 8.58 9.74 3.14 12.9 11.13 16.78 10.17 14.77 14.57 15.83 14.13 6.97 3.38 10.49 8.64 16.2 12.49 4.19 10.81 19.19 12.65 6.86 8.91 2.71 5.01 16.18 17.14 5.31 8.69 3.57 8.59 10.57 4.66 9.88 14.01 11.98 16 14.8 17.99 16.22 13 10.82 16.18 9.51 14.8 0 17.09 15.41 14.37 11.21 13.08 3.03 4.47 5.96 15.2 9.66 12.99 7.97 15.95 7.29 11.11 7.02 12.29 9.47 15.43 14.52 11.8 12.6 4.6 17.35 14.27 16.44 
24.24 5.42 24.21 25.57 17.53 20.1 20.01 23.24 4.14 7.02 17.07 15.97 26.62 18.85 18.82 18.29 15.94 25.52 12.92 27.54 18.16 23.42 4.97 15.89 23.79 24.26 18.11 16.53 26.31 19.14 21.05 19.74 13.59 16.76 23.99 17.36 17.93 24.68 23.81 21.69 27.01 9.94 13.97 16.87 23.23 18.1 7.59 5.81 17.09 0 15.04 31.42 27.36 19.59 14.52 14.23 22.67 30.73 26.75 17.62 9.47 32.72 17.36 25.48 21.52 4.89 21.62 17.87 15.08 23.25 28.94 18.44 33.95 17.69 11.82 
12.68 9.63 26.57 22.38 7.26 18.01 26.38 12.67 18.23 11.73 26.03 25.27 13.94 4.97 21.65 18.63 22.62 20.05 2.67 18.4 12.69 26.06 12.51 3.33 21.12 16.5 18.01 19.02 13.28 28.6 20.68 23.3 14.27 7.74 25.94 11.65 7.47 12.44 12.78 7.35 15.28 6.88 1.68 3.77 12.93 27.46 12.83 9.23 15.41 15.04 0 27.06 19.82 6.55 15.41 16.71 17.56 30.19 22.44 25.23 14.38 29.57 21.18 16.18 22.41 13.83 11.9 26.88 0.97 26.82 21.38 12.58 31.21 26.07 23.7 
17.21 29.24 12.85 5.87 19.85 11.32 19.66 15.98 30.71 24.54 23.9 24.35 18.96 23.61 14.99 13.52 20.35 7.01 28.72 11.23 14.78 13.38 33.46 23.76 7.67 11 13.52 15.97 19.88 25.31 11.01 15.49 17.83 19.34 12.2 15.85 19.69 18.4 16.46 23.89 16.71 31.46 28.36 23.57 15.55 24.85 23.84 28.96 14.37 31.42 27.06 0 8.39 21.89 16.94 17.6 9.64 7.78 4.82 21.63 22.09 3.19 16.63 12.57 11.7 26.58 15.79 24.13 26.09 14.94 7.53 14.75 4.85 22.95 28.3 
8.86 24.02 16.48 7.34 12.61 9.4 21.66 7.78 27.72 20.37 24.86 24.93 10.6 15.8 15.66 12.5 20.68 3.61 21.84 3 9.22 16.62 28.3 16.5 7.98 3.39 12.07 15.17 11.5 26.9 11.32 16.93 14.62 12.45 15.65 10.1 12.36 10.02 8.16 15.72 8.38 25.15 21.3 16.12 7.38 26.12 20.07 23.67 11.21 27.36 19.82 8.39 0 14.02 14.24 15.59 5.32 14.77 5.69 22.75 18.96 11.51 16.87 4.21 13.18 22.88 7.98 25.35 18.88 18.19 1.63 8.97 13.21 24.13 27.53 
6.16 14.54 24.11 18.03 3.42 14.82 25.67 6.4 21.95 14.26 26.5 25.97 7.5 1.8 20.02 16.45 22.53 15.01 9.11 12.19 9.2 23.77 18.2 3.89 17.13 10.92 15.77 17.75 6.95 29.06 17.79 21.75 13.56 4.66 23.36 8.46 3.22 5.9 6.36 2.96 8.73 13.18 8.22 2.99 6.73 27.98 14.93 14.11 13.08 19.59 6.55 21.89 14.02 0 14.37 16.03 13.02 26.24 17.63 25.19 15.6 24.7 20.08 10.05 19.81 16.91 6.11 27.29 5.79 24.85 15.48 8.91 26.39 26.28 25.75 
15.2 13.19 11.46 11.08 10.96 5.66 11.33 13.55 13.88 7.88 12.4 12.06 18.18 15.11 6.26 3.97 8.24 11.6 15.69 15.45 6.5 10.85 17.13 13.11 9.28 11.86 3.65 3.61 18.42 14.89 6.69 7.89 1.23 9.71 10.94 6.54 11.19 16.26 14.38 17.33 17.37 16.79 15.92 13.66 13.29 13.86 6.98 13.01 3.03 14.52 15.41 16.94 14.24 14.37 0 1.73 8.99 16.7 12.39 10.88 5.14 18.21 5.84 13.96 7.7 9.65 11.8 13.13 14.61 11.46 15.63 6.93 19.48 12.04 13.48 
16.92 13.56 10.71 11.74 12.61 6.56 9.78 15.27 13.11 8.03 10.68 10.33 19.9 16.7 5.26 4.12 6.53 12.74 16.8 16.96 8.2 10.03 17.28 14.59 9.94 13.38 4.08 2.57 20.14 13.17 6.84 6.75 2.51 11.37 10.29 8.27 12.86 17.99 16.09 18.98 19.06 17.54 17.11 15.18 15 12.13 6.94 13.43 4.47 14.23 16.71 17.6 15.59 16.03 1.73 0 10.28 16.57 13.23 9.18 4.78 18.59 4.48 15.56 7.38 9.35 13.52 11.41 15.96 10.43 16.91 8.63 19.75 10.33 11.97 
9.98 19.89 12.57 5.01 10.48 4.18 16.81 8.3 22.68 15.65 19.7 19.71 12.66 14.59 10.66 7.27 15.47 2.88 19.11 7.14 5.15 12.51 24.16 14.31 4.32 3.92 6.8 9.91 13.31 21.83 6.6 12.09 9.47 9.82 11.73 6.22 10.39 11.29 9.06 15.47 10.96 21.83 18.8 14.24 7.87 21.01 15.18 19.57 5.96 22.67 17.56 9.64 5.32 13.02 8.99 10.28 0 13.25 4.89 17.65 13.87 12.01 11.72 6.48 8.67 18 7.32 20.24 16.6 13.96 6.65 5.12 13.64 19.01 22.2 
22.82 29.89 7.53 8.28 23.49 12.26 14.56 21.28 29.02 24.52 19.24 19.97 25.11 27.75 12.08 12.73 16.67 11.88 31.29 17.77 17.54 8.31 33.8 27.11 9.15 16.27 13.11 14.2 25.92 20.01 10.06 11.69 17.87 22.64 7.31 18.56 23.45 24.11 21.94 28.72 23.02 33.18 31.19 27.19 20.83 19.83 23.49 29.7 15.2 30.73 30.19 7.78 14.77 26.24 16.7 16.57 13.25 0 9.24 17.05 21.34 5.42 13.71 18.48 9.21 25.89 20.53 19.23 29.25 9.45 14.48 17.71 5.12 18.2 24.76 
13.64 24.43 11.15 1.97 15.3 6.73 17.07 12.17 26.25 19.82 20.83 21.1 15.87 19.27 11.56 9.32 16.92 2.69 24 8.64 9.99 11.41 28.66 19.17 3.46 7.1 9.17 11.95 16.69 22.58 7.19 12.48 13.19 14.7 10.34 11.07 15.18 14.92 12.79 19.87 13.79 26.65 23.69 19.06 11.73 21.95 19.17 24.14 9.66 26.75 22.44 4.82 5.69 17.63 12.39 13.23 4.89 9.24 0 18.6 17.52 7.14 13.06 9.24 8.54 21.94 11.64 21.2 21.47 13.02 5.83 9.99 8.8 19.97 24.52 
25.84 19.58 9.53 16.67 21.78 13.48 2.75 24.13 14.42 14.36 2.28 2.92 28.82 25.78 7.12 10.42 2.67 19.3 24.79 24.78 17.11 8.77 22.12 23.49 15.23 21.37 10.99 8.02 29.14 4.19 11.54 6.17 11.63 20.54 9.87 17.34 22.03 26.97 24.97 28.14 27.76 24.45 25.32 24.17 23.81 3.38 13.05 19.62 12.99 17.62 25.23 21.63 22.75 25.19 10.88 9.18 17.65 17.05 18.6 0 11.02 21.23 5.94 23.8 10.09 13.87 22.45 2.61 24.58 7.65 23.72 17.54 21.75 1.38 8.08 
18.19 9.14 15.2 16.21 12.46 10.8 12.61 16.75 8.82 3.57 11.65 10.88 21.03 15.76 9.7 8.82 8.54 16.6 13.78 19.76 10.23 14.46 12.61 13.11 14.42 16.23 8.66 7.19 21.04 14.22 11.58 10.9 4.41 11.28 14.87 9.78 12.8 19.03 17.5 18.42 20.7 13.63 14.34 13.92 16.6 13.08 2.3 9.08 7.97 9.47 14.38 22.09 18.96 15.6 5.14 4.78 13.87 21.34 17.52 11.02 0 23.27 8.47 18 12.14 4.58 14.97 12.51 13.82 14.59 20.44 10.61 24.48 11.74 10.19 
20.26 31 11.91 7.45 22.45 12.82 19 18.96 31.62 26.02 23.5 24.08 22.11 26.37 15.16 14.47 20.34 9.68 31.08 14.39 17.04 12.57 35.14 26.31 9.1 13.92 14.61 16.63 23.01 24.62 11.75 15.31 19.22 21.83 11.42 18.11 22.32 21.47 19.48 26.82 19.86 33.58 30.8 26.2 18.52 24.29 25.19 30.74 15.95 32.72 29.57 3.19 11.51 24.7 18.21 18.59 12.01 5.42 7.14 21.23 23.27 0 16.85 15.64 11.88 27.84 18.64 23.62 28.61 14 10.72 17.07 1.71 22.49 28.44 
20.1 17.6 6.85 11.2 16.67 7.54 5.63 18.37 15.33 12.01 7.99 8.11 23.08 20.91 1.69 4.49 3.87 13.49 21.27 18.85 11.47 6.07 21.02 18.96 9.61 15.43 5.07 2.34 23.45 10.12 5.87 2.43 6.92 15.44 6.66 11.85 16.86 21.28 19.21 23.03 21.91 21.86 21.59 19.49 18.04 9.28 10.77 17.52 7.29 17.36 21.18 16.63 16.87 20.08 5.84 4.48 11.72 13.71 13.06 5.94 8.47 16.85 0 17.88 4.98 12.7 16.74 8.51 20.41 6.13 17.9 11.88 17.7 7.29 11.67 
4.65 21.55 18.98 10.46 9.2 10.44 23.17 3.67 26.44 18.69 25.74 25.62 6.63 11.85 16.98 13.39 21.45 6.63 18.4 2.24 7.77 18.96 25.76 12.93 10.48 2.56 12.82 15.84 7.46 27.99 13.07 18.49 13.98 9.35 18.14 8.3 8.89 5.83 3.96 11.55 4.62 21.99 17.74 12.42 3.32 27.1 18.65 21.17 11.11 25.48 16.18 12.57 4.21 10.05 13.96 15.56 6.48 18.48 9.24 23.8 18 15.64 17.88 0 15.15 21.37 4.35 26.34 15.27 20.43 5.5 7.39 17.35 25.13 27.43 
18.31 20.84 4.3 6.59 16.58 5.12 8.56 16.56 19.95 15.38 12.34 12.7 21.15 21 3.3 3.85 8.65 9.59 23.07 15.62 10.61 4 24.65 19.66 5.29 12.59 4.41 5 21.71 14.04 2.14 3.94 8.91 15.49 3.57 11.38 16.67 19.59 17.38 22.64 19.59 24.46 23.16 19.98 16.16 13.42 14.31 20.67 7.02 21.52 22.41 11.7 13.18 19.81 7.7 7.38 8.67 9.21 8.54 10.09 12.14 11.88 4.98 15.15 0 16.68 15.21 12.67 21.53 5.33 13.93 10.93 12.8 11.45 16.64 
20.72 5.83 19.53 20.72 14.29 15.26 15.97 19.52 5.17 2.76 13.81 12.82 23.35 16.57 14.08 13.4 11.82 20.82 12.41 23.31 13.78 18.77 8.41 13.63 18.93 19.91 13.23 11.7 23.18 16.18 16.16 15.12 8.75 13.31 19.27 13.09 14.67 21.35 20.18 19.41 23.42 10.92 13.25 14.58 19.45 15.06 2.82 5.95 12.29 4.89 13.83 26.58 22.88 16.91 9.65 9.35 18 25.89 21.94 13.87 4.58 27.84 12.7 21.37 16.68 0 17.8 14.67 13.55 18.72 24.42 14.1 29.06 14.22 10.04 
3.4 17.41 19.41 12.25 4.85 10.1 22.32 1.79 22.96 15.06 24.15 23.85 6.39 7.86 16.23 12.49 19.9 8.98 14.06 6.59 5.34 19.2 21.56 8.61 11.62 4.81 11.82 14.47 6.71 26.57 13.08 17.9 11.47 5.08 18.6 5.33 4.54 4.54 2.58 8.24 5.73 17.65 13.43 8.16 1.65 25.58 15.22 17.01 9.47 21.62 11.9 15.79 7.98 6.11 11.8 13.52 7.32 20.53 11.64 22.45 14.97 18.64 16.74 4.35 15.21 17.8 0 24.84 10.97 20.5 9.5 4.91 20.33 23.7 24.9 
28.24 20.48 11.77 19.26 23.91 16.06 4.67 26.54 14.28 15.6 0.86 1.9 31.23 27.78 9.73 12.99 4.94 21.91 26.23 27.36 19.5 11.06 22.6 25.37 17.84 23.92 13.53 10.51 31.51 1.77 14.15 8.74 13.77 22.67 12.21 19.66 24.18 29.35 27.38 30.23 30.23 25.51 26.84 26.09 26.24 0.77 14.32 20.58 15.43 17.87 26.88 24.13 25.35 27.29 13.13 11.41 20.24 19.23 21.2 2.61 12.51 23.62 8.51 26.34 12.67 14.67 24.84 0 26.29 9.77 26.33 19.93 24.05 1.23 7.02 
11.87 9.71 25.71 21.42 6.3 17.08 25.66 11.79 18.11 11.33 25.44 24.71 13.25 4.33 20.83 17.77 21.96 19.08 3.32 17.49 11.73 25.21 12.85 2.37 20.16 15.55 17.14 18.22 12.62 28.02 19.78 22.5 13.5 6.77 25.06 10.7 6.52 11.69 11.93 6.9 14.5 7.45 2.49 2.9 12.04 26.89 12.38 9.3 14.52 15.08 0.97 26.09 18.88 5.79 14.61 15.96 16.6 29.25 21.47 24.58 13.82 28.61 20.41 15.27 21.53 13.55 10.97 26.29 0 26 20.44 11.62 30.24 25.45 23.32 
23.63 23.73 2.1 11.08 21.54 10.4 5.1 21.89 20.8 18.14 9.8 10.56 26.48 25.93 5.21 8.41 7.74 14.58 27.14 20.78 15.72 1.62 27.09 24.32 10.22 17.88 9.09 7.91 27.03 10.64 7.46 3.71 12.65 20.38 2.76 16.39 21.66 24.91 22.7 27.74 24.91 27.94 27.38 24.74 21.49 10.39 16.89 23.64 11.8 23.25 26.82 14.94 18.19 24.85 11.46 10.43 13.96 9.45 13.02 7.65 14.59 14 6.13 20.43 5.33 18.72 20.5 9.77 26 0 18.75 16.07 14.31 8.75 15.57 
10.08 25.64 16.94 7.7 14.19 10.56 22.48 9.16 29.22 21.93 25.88 26 11.51 17.27 16.6 13.63 21.75 4.42 23.44 3.76 10.81 17.15 29.92 18.07 8.65 5.01 13.25 16.33 12.46 27.83 12.2 17.78 16.06 14.06 16.12 11.71 13.94 11.16 9.45 17.04 9.22 26.77 22.87 17.67 8.78 27.1 21.6 25.29 12.6 28.94 21.38 7.53 1.63 15.48 15.63 16.91 6.65 14.48 5.83 23.72 20.44 10.72 17.9 5.5 13.93 24.42 9.5 26.33 20.44 18.75 0 10.58 12.38 25.1 28.79 
8.31 15.1 15.22 9.8 5.83 5.91 17.49 6.64 19.11 11.49 19.23 18.95 11.3 10.21 11.5 7.79 14.99 7.87 14.02 9.23 0.43 14.91 19.38 9.42 8.57 5.83 7.1 9.59 11.61 21.66 8.89 13.2 6.71 4.93 14.46 1.15 5.85 9.44 7.47 11.71 10.45 16.74 13.74 9.49 6.37 20.67 11.33 14.76 4.6 18.44 12.58 14.75 8.97 8.91 6.93 8.63 5.12 17.71 9.99 17.54 10.61 17.07 11.88 7.39 10.93 14.1 4.91 19.93 11.62 16.07 10.58 0 18.67 18.79 20.22 
21.97 32.4 12.28 8.96 24.1 14.21 19.39 20.67 32.7 27.33 23.99 24.63 23.8 28.05 16.02 15.66 21.04 11.37 32.67 16.07 18.62 12.99 36.51 27.96 10.53 15.62 15.85 17.68 24.71 24.95 12.91 15.99 20.53 23.47 11.88 19.7 23.98 23.18 21.19 28.52 21.55 35.1 32.41 27.86 20.23 24.69 26.46 32.15 17.35 33.95 31.21 4.85 13.21 26.39 19.48 19.75 13.64 5.12 8.8 21.75 24.48 1.71 17.7 17.35 12.8 29.06 20.33 24.05 30.24 14.31 12.38 18.67 0 22.96 29.17 
27.09 20 10.7 18.04 22.89 14.84 3.67 25.39 14.28 14.96 1.06 2.04 30.08 26.82 8.5 11.77 3.81 20.68 25.51 26.14 18.36 9.97 22.32 24.46 16.61 22.71 12.32 9.32 30.38 2.88 12.92 7.53 12.73 21.64 11.1 18.55 23.15 28.22 26.23 29.23 29.05 24.96 26.09 25.16 25.09 2 13.66 20.08 14.27 17.69 26.07 22.95 24.13 26.28 12.04 10.33 19.01 18.2 19.97 1.38 11.74 22.49 7.29 25.13 11.45 14.22 23.7 1.23 25.45 8.75 25.1 18.79 22.96 0 7.41 
28.21 15.61 17.27 22.76 22.64 18.26 10.84 26.69 7.84 11.99 6.45 5.37 31.11 25.79 13.33 15.29 8.13 24.5 22.43 28.92 19.8 16.47 16.78 23 21.07 25.34 15.58 12.6 31.17 7.8 17.4 13.18 13.51 21.46 17.46 19.58 22.98 29.12 27.47 28.52 30.6 20.76 23.25 23.88 26.48 6.96 11 15.82 16.44 11.82 23.7 28.3 27.53 25.75 13.48 11.97 22.2 24.76 24.52 8.08 10.19 28.44 11.67 27.43 16.64 10.04 24.9 7.02 23.32 15.57 28.79 20.22 29.17 7.41 0 
