250 31125
2.86 6.61 9.36
995428
55 71 23 66 63 30 1 27 92 46 65 68 8 52 95 15 26 20 18 82 76 52 79 24 6 6 35 27 19 49 31 20 58 89 51 99 87 40 22 72 12 43 32 46 78 37 33 24 80 40 74 30 58 9 89 12 90 58 86 68 79 67 31 24 13 86 8 83 85 34 11 9 89 53 54 33 23 24 50 34 50 28 86 27 45 71 33 80 67 1 24 42 71 95 51 22 68 79 33 93 47 57 95 22 72 30 33 48 15 23 83 97 41 28 79 24 77 69 46 7 90 97 52 56 65 10 55 45 16 72 71 17 71 57 56 17 90 44 16 51 58 8 56 58 3 40 52 46 98 69 25 33 32 27 51 94 35 87 31 89 71 56 42 24 44 50 66 68 86 51 49 50 24 28 88 24 73 11 46 67 48 37 53 95 76 95 44 53 15 80 90 39 90 77 5 57 25 23 26 75 87 1 93 30 81 99 52 100 40 14 72 70 67 14 75 88 89 84 56 40 11 71 68 14 54 97 61 40 36 33 88 64 71 21 11 22 98 9 47 12 98 74 88 51 96 75 90 72 25 7 
0 10.24 11.11 16.66 24.9 21.04 17.48 16.57 24.38 21.67 9.07 9.83 11.64 20.18 8.2 6.43 6.79 20.15 5.8 16.89 23.77 18.53 20.79 24.25 10.26 19.76 19.71 12.19 19.22 16.26 27.06 18.92 9.15 23.03 19.14 22.21 8.42 12.74 18.65 9.27 19.91 19.59 18.2 8.9 9.26 14.93 16.56 9.5 21.33 19.14 14.05 17.52 12.13 14.07 4.41 18.04 19.71 16.83 10.98 12.05 10.1 1.26 8.76 14.58 15.95 15.95 13.25 22.98 19.31 10.96 18.96 15.66 4.78 28.35 25.87 12.56 19.46 18.6 22.43 19.18 17.13 5.27 1.59 17.09 21.94 18.68 5.2 12.09 20.8 21.75 24.72 10.28 6.18 19.01 16.9 16.19 20.43 25.19 5.81 11.16 14.09 9.82 5.44 12.9 18.17 11.85 24.95 2.68 18.63 14.61 11.52 17.33 4.9 5.73 22.91 10.79 21.27 16.97 10.1 16.82 6.62 16.06 6.27 1.53 15.84 2.44 26.61 10.93 26.13 5.01 11.76 19.85 11.6 5.79 8.27 24.82 6.25 24.43 14.6 22.22 3.27 24.61 10.54 19.46 5.85 21.88 8.4 17.87 7.84 9.68 13.1 11.37 9.42 10.33 6.5 9.55 5.93 5.5 8.31 26.89 8.44 18.54 6.74 21.14 21.64 3.24 22.64 9.5 7.74 10.69 17.96 17.46 4.54 19.74 18.81 22.36 5.47 14.62 23.82 5.18 16.86 7.63 25.17 5.79 13.78 26.92 22.54 23.34 7.35 13.24 10.95 23.87 24.04 14.79 3.03 24.91 9.49 20.84 17.57 26.11 21.41 19.01 18.26 13.53 4.38 24.12 9.96 20.28 23.05 2.7 15.22 22.86 14.97 23 7 8.69 22.58 13.99 16.02 5.86 4.96 14.09 25.37 6.67 19.43 6.83 22.33 11.25 17.86 4.9 17.47 22.17 16.41 7.07 8 11.99 5.08 26.55 20.8 19.8 19.66 19.11 18.72 6.51 20.4 19.81 12.82 7.2 10.99 3.62 
10.24 0 15.66 7.67 19 20.26 10.84 11.38 15.62 22.4 16.01 20.06 10.54 10.76 6.11 9.93 3.73 13.48 5.12 12.04 17.01 21.21 13.55 18.59 1.4 14.93 21.43 12.58 9.01 10.6 18.76 13.08 19.38 14.39 10.9 12.08 3.11 10.05 10.3 19.33 14.97 9.51 10.58 9.32 12.57 7.87 16.12 19.33 16.23 10.56 16.02 8.65 5.12 8.54 8.85 8.51 9.97 7.76 9.27 7.5 20.24 11.49 10.25 12.76 19.08 8.86 5.67 25.13 9.23 7.27 9.08 17.45 6.2 19.16 16.91 17.85 15.78 11.85 18.32 13.04 15.24 14.43 10.97 7 15.57 13.24 9.4 7 11.22 18.44 16.67 5.88 15.81 19.1 16.96 8.71 15.7 18.43 11.63 5.51 10.16 9.56 15.22 14.24 8.43 14.47 17.33 11.35 18.15 12.72 14.47 10.43 13.9 15.3 14.21 15.17 12.7 6.78 14.05 9.96 16.85 17.91 8.77 8.79 9.15 12.47 17.61 0.72 17.33 13.82 13.67 19.92 3.91 7.29 4.78 14.93 7.11 15.73 4.68 15.38 8.21 17.68 20.76 9.77 15.5 20.38 7.22 20.84 17.83 7.5 14.71 13.19 7.39 8.3 15.76 6.69 4.89 10.23 15.1 18.5 10.92 10.15 15.02 20.67 11.71 10.36 17.05 5.35 10.68 2.44 8.38 7.65 14.61 9.51 10.48 12.23 12.12 9.65 23.42 5.44 11.79 9.15 17.96 12.94 4.01 18.45 21.71 20.58 8.42 11.08 14.92 24.27 22.17 10.48 8.17 15.5 18.8 17.28 8.32 16.89 16.22 11.8 15.21 13.79 7.58 14.85 4.08 15.74 19.91 12.89 5.99 13.38 19.46 12.88 8.79 14.27 17.88 12.05 16.7 16.09 14.18 15.56 17.02 5.87 10.94 15.22 12.2 18.83 19.54 14.34 15.32 22.8 9.37 11.3 4.16 1.75 15.25 17.24 11.36 13.75 12.69 17.44 20.64 13.29 23.17 12.12 13.81 13.55 11.48 12.92 
11.11 15.66 0 23.33 19.66 11.63 15.16 13.04 23.07 11.2 3.68 14.68 7.25 26.25 17.6 17.37 12.46 16.93 11.15 26.32 19.76 7.49 18.1 18.85 16.63 14.56 8.92 5.49 22.41 25.26 24.58 15.13 14.28 21.77 26.53 24.53 16.07 22.73 25.95 11.8 14.77 22.08 16.78 19.42 3.11 14.28 7.98 10.73 15.96 26.22 4.14 18.01 20.02 22.98 7.91 19.45 21.16 23.42 8.03 10.91 15.89 10.86 5.55 8.49 4.91 14.82 20.92 11.93 24.08 20.33 20.91 5.37 14.03 27.27 24.67 2.24 13.14 15.97 15.77 15.65 9.8 7.87 9.62 22 17.86 14.52 16.1 21 21.68 14.43 22.27 10.88 8.9 9.29 7.74 24.1 14.92 20.92 16.92 19.63 23.73 6.82 14.3 4.39 23.8 2.66 21.82 13.63 9.46 8.58 2.23 15.37 15.02 8.71 21.78 0.49 20.27 21.5 1.63 25.17 13.05 5.64 16.93 10.86 14.32 10.07 25.38 15.99 24.63 7.36 3.59 10 19.01 15.9 10.95 25.88 16.27 23.01 17.76 18.66 13.73 20.65 15.37 25.14 8.93 12.9 8.61 6.79 10.75 19.44 4.12 3.78 19.18 20.26 15.85 19 14.36 16.54 3.66 24.59 4.76 18.02 6.13 11.48 23.26 7.96 17.51 18.33 18.7 17.58 19.48 23.01 13.01 23.63 26.12 24.59 5.65 11.93 13.79 13.76 26.18 6.52 21.47 16.71 19.6 24.75 12.94 15.2 7.24 8.53 0.95 13.39 15.03 11.28 13.41 24.73 8.88 14 23.94 25.37 16.13 27.2 11.68 5.81 9.11 23.79 12.27 14.6 15.3 10.65 17.03 23.14 4.02 25.16 6.9 2.48 16.49 8.45 6.57 11.68 8.01 4.67 23.23 16.04 26.6 6.29 24.61 5.42 7.27 8.44 10.26 11.7 24.62 18.16 16.34 17.01 12.82 25.95 21.4 28.74 28.03 10.88 7.91 4.77 9.3 27.66 4.8 4.02 5.52 8.5 
16.66 7.67 23.33 0 22.83 26.84 15.43 16.9 16.62 29.35 23.57 26.04 17.82 3.59 9.22 13.48 11.15 17.46 12.57 7.63 20.33 28.64 16.95 22.67 6.84 20.08 28.66 19.96 7.18 6 20.02 17.83 25.38 15.82 3.39 9.9 8.26 8.91 2.78 25.92 20.04 8.49 14.3 11.26 20.24 13 23.07 26.13 21.02 2.91 23.49 11.35 4.78 5.56 16.31 9.94 10.23 0.24 16.56 14.25 25.91 17.91 17.9 19.59 26.61 13.62 3.67 32.36 4.51 7.59 9.2 24.84 11.91 18.84 17.36 25.53 21.47 16.11 23.49 17.56 21.79 21.48 17.76 3.68 19.47 18.25 13.67 6.16 11.52 24.06 18.55 13.1 22.71 26.01 23.99 2.91 20.8 21.55 15.63 6.08 7.73 17.08 20.69 21.69 2.51 22.06 19.68 16.83 24.96 19.53 22.09 14.9 18.99 22.21 15.57 22.85 14.62 4.42 21.72 4.24 22.86 25.28 12.51 15.44 14.16 19.08 17.88 7.38 17.99 20.96 21.21 26.79 5.06 11.7 12.41 13.36 11.28 16.81 7.46 18.86 13.77 20.74 26.67 3.27 22.38 26.68 14.83 28.32 24.49 8.96 22.18 20.74 9.09 9.12 20.75 8.43 10.73 14.3 22.65 19.65 18.59 13.03 22.33 27.33 10.71 17.6 21.37 7.67 13.46 6.09 9.75 2.44 20.45 6.16 2.95 10.12 19.59 15.66 29.98 11.49 7.26 16.82 20.67 17.21 3.81 19.49 28.19 26.3 16.1 18.01 22.58 31.06 28.2 16.66 13.89 15.24 25.88 22.87 1.03 16.83 20.95 5.02 21.29 21.07 15.01 15 11.37 20.96 25.49 19.34 9.4 13.38 27.1 10.6 16.46 21.91 22.73 18.93 23.9 22.4 21.21 22.97 18.45 10.32 3.31 22.52 10.03 26.36 26.82 21.28 21.77 29.71 3.75 14.55 8.69 6.44 21.19 16.92 11.96 7.62 5.96 23.89 27.94 20.8 30.56 4.87 21.22 21.11 18.96 19.87 
24.9 19 19.66 22.83 0 11.36 8.17 8.35 8.65 14.74 22.99 32.92 13.79 23.2 24.98 28.07 19.71 5.55 19.82 29.92 2.73 17.89 5.88 0.83 20.32 5.29 16.25 14.5 16.49 28.28 7.33 6.11 32.36 8.38 25.83 15.71 21.95 28.93 25.3 30.6 5.11 15.18 8.67 28.16 18.2 11.14 12.11 29.79 3.75 25.04 15.94 11.5 23.5 26.74 20.67 12.95 13.19 22.71 14.07 12.99 33.8 25.65 16.96 11.37 18.05 10.14 23.48 18.56 19.81 26.21 14.02 15.67 23.59 11.26 9.53 21.16 6.54 7.15 4.5 6.01 9.94 25.46 24.37 19.29 3.45 6.24 27.15 25.68 12.28 6.23 6.23 14.95 26.97 12.84 12.81 25.44 4.78 2.33 29.16 24.3 28.73 15.46 30.19 15.27 21.22 17.01 4.82 27.3 11.8 11.29 17.46 8.57 29.78 26.56 8.62 19.39 8.7 18.5 18.79 26.88 30.33 15.79 27 23.54 9.89 25.79 9.85 18.51 8.97 24.7 16.18 12.91 22.36 25.41 17.18 14.08 25.42 8.43 15.76 3.99 25.03 2.86 33.68 21.92 26.83 9.97 16.5 18.27 29.24 26.5 15.56 16.17 26.37 27.29 31.39 25.68 22.67 27.97 22.53 7.61 17.74 9.8 24.47 12.02 14.01 22.46 2.28 24.35 29.11 21.2 13.14 20.73 29.06 18.11 25.43 15.58 21.94 10.34 13.01 22.77 29.59 17.64 3.62 30 20.06 7.91 11.58 7.41 17.71 12.08 18.81 14.89 9.65 10.11 24.81 11.37 28.16 6.02 22.58 10.68 3.62 27.82 7.99 13.86 20.53 10.7 16.03 5.07 6.53 26.47 13.76 11.58 20.37 15.69 18.16 20.86 3.36 11.66 13.88 29.04 25.42 15.23 7.19 24.31 25.45 24.71 15.67 25.07 15.71 25.82 9.48 14.71 26.31 29.41 22.95 18.48 29.31 11.23 11.73 30.45 28.74 9.68 16.39 22.18 18.77 27.44 14.88 21.71 15.15 24.96 
21.04 20.26 11.63 26.84 11.36 0 12.48 10.34 18.44 3.43 15.3 26.3 10.17 28.61 24.84 26.31 18.81 12.19 18.1 32.3 12.94 6.92 13.49 10.59 21.63 8.49 5.03 8.92 22.69 30.86 18.32 10.64 25.88 17.54 30.22 23.4 22.27 29.81 29.62 23.42 8.67 21.74 14.27 27.54 11.97 14.05 4.53 22.32 8.87 29.62 7.53 17.01 25.38 28.79 16.76 18.85 20.03 26.82 11.34 12.79 27.49 21.26 12.38 7.53 7.98 13.72 25.87 7.29 25.53 27.04 20.38 6.3 22.03 22 19.77 12.17 6.37 12.46 6.89 11.19 5.07 19.24 19.89 24.09 11.64 9.92 25.12 27.12 19.79 5.17 16.55 14.44 20.44 2.35 4.16 28.7 8.18 13.46 26.57 25.61 30.26 11.8 25.35 8.21 26.19 9.6 15.46 23.72 2.41 7.56 10.03 12.99 25.67 20.18 17.69 11.61 16.79 23.36 11.65 30.06 24.49 6.14 25.52 20.18 13.1 20.83 20.3 20.16 19.4 18.62 9.38 1.86 24.17 24.1 16.17 23.13 24.31 18.27 19.53 12.77 22.64 13.63 26.99 27.3 20.43 1.57 14.11 7.48 22.37 26.69 8.11 9.71 26.48 27.57 26.82 26.01 21.7 25.78 15.24 18.51 12.6 15.94 17.66 0.67 21.71 17.88 10.05 24.91 27.6 22.7 18.98 25.47 24.07 24.31 29.78 23.35 16.24 11.2 3.16 21.41 32.05 13.67 14.54 26.82 23.19 18.78 1.52 4.41 14.19 9.22 11.14 4.35 3.45 10.19 22.34 20.93 20.41 5.76 27.03 20.81 9.07 31.66 5.84 7.54 17.36 20.04 16.21 7.81 5.02 21.49 17.81 20.21 10.48 23.72 14.34 13.77 8.14 8.24 5.18 23.11 19.33 7.2 17.63 23.58 30.05 17.84 23.42 16.44 5.12 19.77 5.07 3.51 29.45 27.42 22.99 20.74 24.02 21.43 19.3 33.88 32.6 2.99 5.41 15.84 7.47 31.7 8.23 15.15 10.18 19.47 
17.48 10.84 15.16 15.43 8.17 12.48 0 2.39 7.92 15.6 17.75 26.33 7.99 16.55 16.81 20.02 11.72 2.75 12.02 22.09 6.42 16.69 3.34 7.76 12.17 4.67 15.85 9.72 10.28 20.48 9.86 2.4 25.71 6.62 18.66 10.97 13.79 20.81 18.09 24.42 4.63 9.26 1.86 20 12.74 2.98 10.08 23.84 5.63 17.95 12.65 4.57 15.47 18.79 13.58 6.4 7.55 15.35 7.62 5.49 27.02 18.38 10.77 7.17 15.67 1.99 15.55 19.23 13.3 18.08 7.91 13.25 15.59 12.13 9.53 17.18 6.35 1.12 8.07 2.23 7.97 19.06 17.22 12.18 4.78 2.85 19.16 17.61 7.44 8.76 7.48 7.21 20.63 12.49 11.09 17.8 5.38 7.86 21.24 16.2 20.7 9.12 22.9 11.22 14.26 12.65 7.5 19.68 11.26 7.07 12.99 0.54 22.25 20.16 6.62 14.75 5.16 11.4 13.82 19.24 23.46 13.58 18.93 16.02 1.75 18.75 10.25 10.37 9.53 18.29 11.63 13.06 14.3 17.34 9.35 11.24 17.32 7.88 8.02 4.8 17.16 7.21 27.09 15.22 20.43 11.9 9.28 16.73 22.95 18.33 11.69 11.39 18.2 19.13 23.95 17.52 14.6 19.99 17.06 9.77 11.71 3.49 18.5 13.09 9.33 15.49 6.24 16.19 21.02 13.08 6.54 13.63 21.87 11.93 18.23 10.94 15.59 3.31 15.4 14.76 21.77 10.99 7.71 22.19 12.25 9.88 13.59 11 10.81 6.64 14.21 16.83 13.07 3.88 16.97 9.66 22.49 7.6 15.38 10.21 5.57 20.44 6.65 9.88 13.14 8.71 8 5.56 10.14 19.4 6.03 8.32 17.37 11.35 11.34 15.49 7.33 6.92 11.63 22.27 18.95 11.9 8.3 16.19 18.38 18.75 11 20.32 14.45 19.31 7.73 15.84 18.64 21.38 14.79 10.42 22.23 10.8 6.99 22.95 21.38 9.55 15.48 16.16 18.27 20.24 10.68 15.88 9.72 18.22 
16.57 11.38 13.04 16.9 8.35 10.34 2.39 0 10.08 13.34 15.83 24.96 6.07 18.36 17.05 19.84 11.48 3.97 11.5 23.12 7.33 14.31 5.07 7.75 12.77 3.58 13.49 7.55 12.36 21.56 11.62 2.39 24.36 8.83 20.22 13.28 14.09 21.43 19.63 22.86 3.65 11.44 4.24 20.16 10.83 3.9 7.7 22.19 5 19.56 10.33 6.7 16.32 19.72 12.42 8.53 9.83 16.84 5.99 4.65 25.74 17.37 9.09 4.83 13.3 3.4 16.56 16.91 15.22 18.64 10.08 10.87 15.33 14.25 11.67 14.98 4.58 2.96 6.94 2.77 5.64 17.56 16.12 13.89 5.42 2.12 18.88 18.35 9.8 7.2 9.27 6.64 19.12 10.18 8.71 19.07 4.35 8.7 20.85 16.88 21.5 7.47 21.91 8.96 15.98 10.47 8.99 18.95 8.96 4.73 10.83 2.8 21.44 18.67 8.87 12.65 7.48 13.13 11.79 20.48 22.22 11.2 18.81 15.2 2.79 17.59 12.36 11.04 11.59 16.79 9.46 10.78 15.11 17.22 8.87 13.62 17.27 10.01 9.45 5.92 16.7 8.21 25.72 17.04 18.94 9.91 8.18 14.34 21.43 18.71 9.41 9.26 18.55 19.55 23.07 17.92 14.5 19.68 15.2 11.59 9.97 5.84 16.83 10.91 11.67 14.27 6.13 16.63 20.94 13.77 8.66 15.3 20.81 13.97 19.78 13.26 14.04 1.99 13.35 14.53 22.83 9.54 8.89 21.65 13.47 11.74 11.53 9.43 9.5 4.54 12.1 14.69 11.31 1.91 16.48 11.98 20.74 6.02 16.96 12.43 5.04 21.86 4.52 7.58 12.2 11.04 7.9 4.36 8.66 18.25 7.59 10.7 15.06 13.69 9.99 13.59 6.56 4.65 9.24 20.97 17.48 9.57 10.2 16.22 19.98 17.07 13.32 18.3 12.06 17.87 5.43 13.6 19.88 21.16 15.03 11.32 21.1 13.03 9.37 24.26 22.8 7.36 13.11 14.48 15.89 21.75 8.43 14.13 7.73 16.88 
24.38 15.62 23.07 16.62 8.65 18.44 7.92 10.08 0 21.84 25.64 33.73 15.92 15.98 21.6 25.54 17.89 6.52 18.61 24.21 6.04 23.87 5.19 9.02 16.6 10.04 22.69 17.61 9.5 22.55 3.4 8.34 33.08 1.37 19.07 7.68 18.71 24.35 18.63 32.04 9.84 8.15 6.48 24.76 20.65 9.62 17.3 31.55 9.61 18.22 20.36 7.02 18.79 21.52 20.92 7.28 6.43 16.44 15.47 13.01 34.29 25.43 18.6 14.88 23.21 8.72 18.39 25.67 12.71 21.95 7.48 20.74 21.51 4.22 1.6 25.06 12.18 7.12 12 7.76 14.99 26.66 24.4 12.95 6.83 9.08 24.94 21.02 5.1 13.51 2.5 14.32 28.23 19.16 18.25 19.49 10.26 6.48 27.15 19.92 23.7 16.95 29.8 19.04 14.49 20.54 3.95 26.24 17.94 14.78 20.89 7.77 28.86 27.75 1.47 22.67 3.11 12.25 21.75 20.85 30.72 21.01 24.39 22.85 9.05 25.98 2.33 14.94 1.76 25.9 19.52 19.54 17.87 22.87 16.13 5.47 22.72 0.23 11.14 5.69 23.36 5.81 34.49 14.83 28.01 17.36 16.72 24.03 30.54 22.68 19.49 19.3 22.63 23.32 30.67 21.87 20.3 25.78 24.94 3.05 19.55 5.84 26.26 19.1 6.2 22.86 8.7 20.53 26.28 17.16 7.45 14.23 28.9 10.87 18.73 7.51 23.27 11.21 20.78 20.67 23.84 18.67 5.21 28.34 14.94 2.92 19.11 15.36 18.38 14.55 22.13 22.53 17.69 11.79 23.24 2.71 30.29 12.7 16.08 2.42 9.41 21.28 13.19 17.65 20.25 2.11 14.42 10.63 14.4 26.59 9.63 3.42 25.1 7.45 18.93 23.39 10.73 14.73 19 29.62 26.52 19.59 1.92 21.48 18.58 26.51 7.61 28.24 21.58 26.85 14.62 21.95 20.35 26.91 19.75 14.4 29.36 3.03 4.7 24 22.13 15.9 22.52 23.94 25.22 20.65 18.52 23.71 17.64 25.67 
21.67 22.4 11.2 29.35 14.74 3.43 15.6 13.34 21.84 0 14.7 25.67 11.91 31.35 26.44 27.4 20.48 15.53 19.58 34.34 16.37 4.63 16.84 13.98 23.71 11.85 2.57 10.17 25.67 32.97 21.75 13.91 25.32 20.92 32.73 26.56 24.08 31.53 32.13 22.64 12.03 24.78 17.43 28.93 12.42 16.86 6.29 21.45 12.29 32.18 7.62 20.05 27.47 30.83 17.64 21.87 23.15 29.34 13.17 15.11 26.95 21.69 13.46 9.75 6.62 16.66 28.06 3.85 28.38 28.82 23.43 6.03 23.35 25.43 23.19 11.09 9.7 15.68 10.29 14.48 7.76 19.06 20.36 26.81 15.06 13.18 26.17 29.06 23 8.58 19.98 16.52 20.07 3.33 5.44 31.01 11.57 16.87 27.4 27.56 32.13 13.28 25.45 8.92 28.89 9.83 18.89 24.33 4.44 9.81 10.18 16.09 26.02 19.89 21.06 11.33 20.11 26.1 11.7 32.33 24.24 5.66 26.73 21.02 16.03 21.08 23.72 22.38 22.83 18.53 9.98 2.59 26.28 25.4 17.98 26.45 25.67 21.68 22.2 16.18 23.68 17.05 26.32 30.06 20.11 4.78 15.71 5.37 21.77 28.32 8.64 10.41 28.09 29.2 26.98 27.69 23.2 26.75 14.84 21.94 13.43 19.09 17.31 2.76 24.9 18.44 13.48 26.69 28.73 24.78 21.99 28.15 24.16 27.25 32.29 26.53 16.48 13.92 2.97 22.82 34.11 14.81 17.96 27.45 25.61 22.21 3.34 7.53 15.43 11.37 10.98 2.21 5.83 12.88 23.37 24.3 19.49 9.19 29.62 24.23 12.5 34.04 8.98 8.8 18.45 23.41 18.32 11.21 8.28 21.7 20.6 23.52 8.92 26.92 15.47 13.6 11.56 10.43 5.89 22.87 19.2 7.63 21.06 25.07 32.61 17.46 26.59 15.25 3.93 19.63 7.92 0.51 31.72 28.41 24.71 23.07 24 24.84 22.52 36.13 34.96 6.08 3.46 15.84 4.45 34.16 9.15 15.1 11.44 19.58 
9.07 16.01 3.68 23.57 22.99 15.3 17.75 15.83 25.64 14.7 0 11.03 9.78 26.77 16.62 15.51 12.42 19.8 11 25.48 22.87 10.63 20.88 22.2 16.73 17.78 12.3 8.52 23.75 24.61 27.45 18.07 10.65 24.31 26.57 26.18 15.69 21.56 26.01 8.12 17.99 23.62 19.21 17.9 5.01 16.38 11.6 7.06 19.25 26.37 7.82 19.97 19.72 22.34 7.28 21.22 22.97 23.69 10.19 12.87 12.27 8.47 7.13 11.65 8.17 17.08 20.73 14.95 24.98 19.44 22.57 9.02 12.95 29.86 27.25 3.89 16.54 18.67 19.27 18.55 13.28 4.68 7.49 22.8 20.94 17.52 14.27 20.32 23.66 18 25.09 12.28 5.41 12.96 11.41 23.89 18.21 24.1 14.66 19.1 22.76 8.74 11.19 7.83 24.41 6.1 24.78 11.27 13.13 11.73 5.63 17.87 12.19 5.31 24.28 3.77 22.7 22.41 4.2 24.8 9.6 9.26 15.29 9.31 16.66 7.42 27.98 16.47 27.27 4.4 6.82 13.65 18.85 14.54 11.67 27.91 14.97 25.61 18.94 21.65 12.13 23.76 11.7 25.76 5.49 16.58 9.74 9.87 7.1 18.34 7.65 6.82 18.08 19.09 12.74 18.03 13.6 14.55 0.92 27.42 6.17 20.25 2.79 15.14 25.08 6.43 20.79 17.61 16.8 17.55 21.21 23.63 9.93 24.79 26.18 26.27 4.08 14.44 17.38 12.89 25.39 7.48 24.55 14.18 20.02 27.55 16.6 18.85 8.05 11.32 4.31 16.86 18.72 13.97 11.84 27.06 5.25 17.5 24.3 27.85 19.41 26.93 15.09 9.18 8.6 26.14 13.3 17.92 18.93 7.87 18.58 25.32 6.42 26.87 7.55 2.25 19.92 11.46 10.24 8.27 4.9 8.32 26 15.02 26.72 2.87 26.27 2.86 10.79 5.28 13.74 15.2 24.3 16.07 15.73 17.57 9.6 28.41 23.45 28.16 27.69 14.5 11.31 2.84 12.24 27.54 8.15 2.46 8.11 5.78 
9.83 20.06 14.68 26.04 32.92 26.3 26.33 24.96 33.73 25.67 11.03 0 19.14 29.63 16.96 13.31 16.59 28.82 15.48 24.58 32.28 21.4 29.67 32.18 20 27.63 23.21 18.67 29.05 24.42 36.15 27.34 0.68 32.36 28.13 32.03 18.01 20.19 27.71 3.16 27.81 29.41 27.35 16.15 14.93 24.12 22.39 4.46 29.19 28.28 18.78 27.07 21.32 22.49 12.81 27.74 29.44 26.23 18.97 20.86 1.44 8.6 15.97 21.69 19.07 25.07 22.45 25.5 29.04 19.34 28.73 20.05 14.24 37.81 35.27 14.61 26.78 27.4 29.67 27.71 23.78 7.47 9.4 26.84 30.36 26.94 12.66 20.71 30.48 28.58 33.78 19.41 6.01 23.98 22.32 25.09 28.19 33.64 11.28 20.14 21.82 17.52 5.51 18.48 27.78 16.85 33.8 9.22 24.08 21.76 16.39 26.28 7.41 6.38 32.27 14.69 30.62 26.76 14.79 25.42 3.22 20.29 13.95 11.32 24.84 7.8 36.01 20.75 35.47 8.22 17.35 24.67 21.02 14.4 17.69 34.57 14.85 33.75 24.4 30.85 12.29 33.16 0.77 29.02 6.11 27.54 17.07 20.62 3.93 17.87 18.42 17.19 17.65 18.21 6.11 18.06 15.53 12.26 11.07 36.03 15.19 27.92 8.71 26.16 31.42 10.87 30.65 18.47 14.04 20.31 27.67 27.1 5.59 29.54 27.86 32.17 10.98 23.17 28.4 14.82 24.66 15.42 33.83 9.82 23.47 36.1 27.62 29.67 15.53 20.84 15.18 27.81 29.69 23.05 12.2 34.49 6.38 27.93 27.01 35.61 29.31 27.57 25.38 19.66 13.51 33.67 19.48 27.95 29.64 7.26 24.91 32.49 16.99 32.82 15.01 12.61 30.13 21.3 21.18 4.11 7.51 19.2 34.52 15.73 28.51 8.51 32.15 10.74 21.8 7.1 24.21 26.17 25.12 12.86 17.39 21.8 4.87 36.09 30.44 27.74 28.06 25.27 22.24 10.84 22.79 28.53 18.69 11.42 17.83 8.11 
11.64 10.54 7.25 17.82 13.79 10.17 7.99 6.07 15.92 11.91 9.78 19.14 0 20.26 14.67 16.27 8.65 10.05 7.94 22.42 13.27 10.83 11.11 13.06 11.83 8.5 10.89 2.22 15.59 21.08 17.68 8.38 18.57 14.59 21.18 17.45 12.19 19.69 20.58 16.89 8.68 15.1 9.55 17.38 4.77 7.08 5.74 16.17 10.06 20.71 5.77 10.82 15.58 18.91 7.24 12.36 14.02 17.85 1.27 3.92 20.02 12.18 3.17 2.96 8.98 7.57 16.21 14.6 17.67 16.95 13.87 7.03 11.9 20.13 17.52 9.38 7.87 8.89 10.84 8.82 5.61 11.67 10.84 15.78 11.34 7.89 15.12 17.14 14.47 10.11 15.32 4.73 13.2 8.67 6.48 19.23 9.08 14.58 16.76 15.64 20.23 1.82 16.65 4 17.76 4.95 15.05 14.24 7.87 2.99 5.2 8.16 16.51 12.78 14.59 6.81 13.05 15.17 5.84 20.51 16.57 7.47 15.43 10.5 7.07 12.14 18.24 10.6 17.52 10.92 3.92 9.52 14.39 13.97 6.08 18.65 14.16 15.87 11.24 11.95 12.69 14.16 19.9 19.03 13.05 10.67 3.94 10.56 15.49 16.53 4.51 3.57 16.32 17.42 17.96 15.87 11.53 15.83 9.13 17.64 3.97 10.77 10.8 10.46 16.11 8.84 11.51 14.81 17.53 12.89 12.4 16.98 15.45 16.95 20.75 17.49 8.16 4.71 13.26 11.26 22.2 4.03 14.9 17.23 14.02 17.78 11.69 11.78 4.32 1.71 6.3 13.88 12.73 4.19 12.41 17.49 14.68 9.22 18.23 18.17 10.18 22.3 6.62 3.26 7.5 16.55 6.51 8.86 11.43 12.83 10.15 15.89 10.05 18.04 4.64 7.53 11.11 2.36 6.16 15.27 11.63 5.19 16.22 13.41 21.12 11.04 17.52 12.32 9.02 12.03 5.9 12.34 19.91 17.45 12.86 11.4 15.63 18.74 14.17 24.29 23.21 7.74 10.13 8.47 12.75 22.53 3.48 8.08 1.74 11.2 
20.18 10.76 26.25 3.59 23.2 28.61 16.55 18.36 15.98 31.35 26.77 29.63 20.26 0 12.8 17.04 14.4 18.17 15.82 9.65 20.56 31.07 17.41 23.17 10.15 21.21 30.91 22.46 6.73 8.25 19.29 18.87 28.96 15.45 3.44 8.49 11.76 11.98 3.24 29.45 21.14 8.06 15.12 14.72 23.15 14.57 25.17 29.63 21.94 2.6 26.01 12.08 8.37 8.59 19.57 10.37 10.04 3.39 19.04 16.47 29.5 21.44 20.73 21.68 29.2 14.97 7.25 34.57 3.39 11.04 9.18 27.27 15.46 17.45 16.41 28.48 22.85 17.03 24.52 18.5 23.64 24.92 21.23 4.54 20.01 19.4 17.26 9.58 11.11 25.31 18.2 15.64 26.18 28.04 26.13 5.54 21.89 21.63 19.2 9.65 10.57 19.75 24.29 24.22 2.5 24.77 19.48 20.42 26.92 21.61 24.84 16.01 22.58 25.68 15.19 25.76 14.59 5.26 24.62 6.31 26.45 27.7 16.08 18.93 15.57 22.59 16.81 10.32 17.1 24.37 23.87 28.77 8.62 15.29 15.32 11.78 14.87 16.2 9.16 19.24 17.35 20.82 30.25 1.33 25.86 28.27 17.65 30.82 28.01 12.46 24.72 23.41 12.6 12.54 24.34 11.98 14.25 17.88 25.85 18.9 21.5 13.62 25.68 29.15 9.79 20.96 22.03 11.26 16.96 9.53 10.2 3.28 24.03 5.15 3.25 8.7 22.86 17.45 31.69 15.01 9.27 19.76 20.6 20.78 6.75 18.68 29.88 27.55 19.06 20.2 25.46 32.92 29.6 18.48 17.46 14.11 29.32 24.15 2.62 15.68 21.83 5.73 22.88 23.45 18.28 14.1 14.04 22.09 26.68 22.88 10.81 12.58 29.9 9.01 19.47 25 23.61 21.06 26.17 25.96 24.65 25.44 17.89 13.91 2.84 25.88 8.6 29.59 29.14 24.74 23.56 31.68 6.1 18.07 12.26 9.26 24.77 15.64 11.64 8.38 6.43 25.63 30.26 24.04 32.95 4.84 23.72 24.3 21.56 23.33 
8.2 6.11 17.6 9.22 24.98 24.84 16.81 17.05 21.6 26.44 16.62 16.96 14.67 12.8 0 4.4 6.03 19.51 6.87 8.85 23.08 24.35 19.63 24.53 5 20.63 25.02 16.27 13.93 8.08 24.81 18.96 16.31 20.41 11.18 17.11 3.03 5.17 10.75 17.18 20.7 14.77 16.68 3.21 14.87 13.84 20.41 17.59 22.02 11.32 19.26 14.71 4.44 5.87 9.7 14.37 15.65 9.43 13.5 12.68 16.75 9.35 13.12 17.39 21.92 14.86 5.55 28.62 12.85 2.82 14.66 20.85 3.68 24.96 22.83 19.51 21.19 17.87 23.91 18.98 20.04 13.43 9.61 10.85 21.58 19.04 4.46 3.9 16.97 23.81 22.75 10.72 14.38 23.3 21.08 8.15 21.39 24.5 6.49 3.19 6.15 13.17 11.54 17.65 11.25 17.3 23.44 7.76 22.54 17.37 17.14 16.44 9.79 13.93 20.22 17.17 18.76 11.05 16.18 8.65 13.85 21.3 3.33 7.41 15.09 10.61 23.51 6.72 23.29 13.08 16.76 24.16 4.48 2.57 8.72 20.29 2.11 21.73 10.48 21.44 4.97 23.77 17.56 12.37 14.05 25.22 10.76 23.83 15.85 1.89 18.03 16.28 1.65 2.76 11.54 1.41 3.29 5.11 15.75 24.54 13.41 16.24 14.71 25.14 17.13 10.2 22.95 1.54 4.78 4.55 14.22 10.69 11.41 13.84 10.9 17.29 12.58 15.17 27.93 3.84 8.78 11.77 24.06 8.03 7.52 24.47 26.34 25.84 11.09 15.71 17.11 28.49 27.18 15.84 5.18 21.25 17.69 22.7 10.22 22.71 22.03 10.84 20.4 17.64 8.5 20.67 9.18 21.38 25.27 10.72 12.05 19.14 21.62 17.91 11.17 15.55 23.61 16.67 20.55 13.55 13.13 19 23.08 1.61 11.55 14.84 17.24 19.13 23.08 13.09 20.22 26.89 8.27 5.64 2.03 7.22 12.17 23.01 17.18 11.63 11.46 22.25 24.11 13.81 26.32 11.69 17.34 14.34 15.01 11.77 
6.43 9.93 17.37 13.48 28.07 26.31 20.02 19.84 25.54 27.4 15.51 13.31 16.27 17.04 4.4 0 8.37 22.77 8.49 11.32 26.42 24.65 23.07 27.54 9.09 23.35 25.65 17.42 18.27 11.11 28.64 21.97 12.7 24.3 15.07 21.45 6.88 6.94 14.71 14.1 23.45 19.06 20.17 2.87 15.13 17.1 21.78 14.75 24.84 15.33 19.87 18.55 8.74 9.24 9.79 18.43 19.81 13.7 15.28 15.23 12.88 7.18 13.99 19.19 22.1 18.16 9.81 29.06 17.25 6.17 18.85 21.5 4.52 29.07 26.85 18.94 23.57 21.12 26.45 22.07 21.87 11.46 8.02 15.25 24.78 21.93 1.26 7.61 21.1 26.09 26.49 13.22 11.99 24.49 22.3 12.02 24.1 27.86 2.17 7.41 8.53 14.54 7.8 18.48 15.61 17.73 27.05 4.66 23.92 19.2 17.46 19.72 5.9 11.64 24.12 17 22.59 15.43 16.2 12.19 10.41 21.92 1.16 6.52 18.28 8.4 27.54 10.62 27.26 11.35 17.43 25.35 8.88 2.7 11 24.58 2.82 25.65 14.55 24.78 3.73 27.17 13.82 16.69 11.68 26.93 12.42 24.03 12.97 4.68 18.77 16.99 4.49 4.92 7.48 5.06 5.42 1.09 14.74 28.39 13.97 19.97 13.1 26.51 21.39 9.41 25.93 5.9 1.34 8.84 18.29 15.08 8.02 18.23 14.84 21.63 11.8 17.87 29.27 5.32 11.38 12.66 27.55 3.76 11.91 28.36 27.83 27.96 12.12 17.62 17.1 29.56 29.01 18.37 4.04 25.39 15.28 25.05 14.51 26.81 24.88 14.3 22.59 18.81 8.98 24.76 12.05 24.03 27.5 8.24 15.91 23.27 21.3 22.26 11.99 15.02 26.32 18.52 21.57 10.45 11.16 19.78 26.9 4.06 15.51 13.17 21.58 17.61 23.74 10.98 22.13 27.89 11.94 1.37 5.88 11.32 8.82 27.14 21.26 14.45 14.76 24.01 24.68 12.91 26.56 15.31 18.29 13.58 16.14 9.92 
6.79 3.73 12.46 11.15 19.71 18.81 11.72 11.48 17.89 20.48 12.42 16.59 8.65 14.4 6.03 8.37 0 14.47 1.42 14.08 18.13 18.66 14.87 19.18 4.31 15.01 19.17 10.33 12.51 12.9 20.77 13.61 15.91 16.57 14.18 15.45 3.69 11.05 13.62 15.68 15.1 12.82 12.05 8.88 9.47 8.86 14.39 15.63 16.48 13.96 13.49 10.92 7.56 10.64 5.18 11.29 12.94 11.27 7.47 6.9 16.88 7.99 7.4 11.36 16.35 9.92 8.46 22.82 12.96 8.35 12.17 15.04 3.88 21.74 19.33 14.58 15.35 12.83 18.17 13.73 14.02 10.71 7.33 10.72 16.45 13.56 7.45 8.73 14.06 17.94 18.51 4.88 12.1 17.3 15.09 11.65 15.76 19.58 9.53 7.28 11.7 7.21 12.05 11.81 12.12 11.67 18.93 8.37 16.52 11.35 11.59 11.45 10.98 11.59 16.43 11.99 14.82 10.48 10.9 12.71 13.4 15.49 7.33 5.27 9.98 8.87 20.06 4.33 19.65 10.09 11.02 18.15 6.55 5.74 2.73 18.04 5.82 17.96 7.82 16.51 5.52 18.91 17.31 13.47 11.8 19.2 4.76 18.2 14.16 7.88 12.22 10.53 7.67 8.77 12.8 7.22 3.05 8.28 11.51 20.57 7.87 12.1 11.3 19.11 14.86 6.63 17.57 6.22 9.46 5.16 11.2 11.36 11.29 13.15 13.79 15.59 8.46 9.52 21.91 3.06 13.9 6.12 19.34 10.55 7.67 20.57 20.32 19.91 5.39 9.69 11.81 22.5 21.18 10.06 5.37 18.22 15.07 16.85 11.9 19.48 16.52 14.74 14.48 11.68 3.88 17.47 3.72 15.71 19.38 9.34 8.49 16.14 16.4 16.23 5.61 10.82 17.99 10.66 14.61 12.54 10.46 13.16 19.05 4.87 14.31 11.5 15.56 15.21 17.24 10.62 14.22 20.92 12.16 9.7 4.23 5.44 11.86 19.9 14.08 16.32 15.57 16.23 18.3 9.65 20.64 15.24 11.45 9.96 9.09 9.22 
20.15 13.48 16.93 17.46 5.55 12.19 2.75 3.97 6.52 15.53 19.8 28.82 10.05 18.17 19.51 22.77 14.47 0 14.75 24.42 3.67 17.36 1.33 5.26 14.79 3.71 16.22 11.45 11.57 22.78 7.67 1.85 28.21 5.44 20.57 11.52 16.48 23.38 20.02 26.8 3.54 10.37 3.18 22.7 14.8 5.69 10.78 26.15 3.87 19.82 13.94 6.15 17.95 21.2 16.16 7.79 8.44 17.36 9.91 8.11 29.56 21.02 13.04 8.53 16.72 4.65 17.95 19.32 14.81 20.67 9.09 14.24 18.34 10.54 8.03 18.81 5.83 1.65 6.51 1.28 8.47 21.47 19.83 14.02 2.1 2.57 21.91 20.12 7.88 7.66 5.34 9.92 23.03 12.71 11.73 20 4.14 5.11 23.99 18.75 23.18 11.4 25.55 12.73 16.02 14.32 5.02 22.39 11.48 8.42 14.71 3.07 24.95 22.58 5.55 16.56 4.62 13.22 15.73 21.44 26.02 14.51 21.67 18.71 4.5 21.34 8.68 12.98 7.85 20.7 13.34 13.14 16.8 20.09 12.08 10.94 20.06 6.4 10.25 2.07 19.91 4.47 29.59 16.85 22.85 11.29 11.86 17.52 25.35 20.99 13.15 13.17 20.87 21.77 26.64 20.17 17.35 22.74 19.18 7.66 13.94 4.55 20.78 12.84 9.79 18.05 3.9 18.83 23.76 15.65 7.97 15.47 24.5 13.24 20.16 11.44 17.97 5.65 14.8 17.51 24.09 13.41 5.04 24.93 14.55 7.83 13.05 9.79 13.31 8.49 16 16.44 12.04 5.87 19.72 8.81 24.71 6.64 17.3 8.93 3.73 22.48 6.7 11.31 15.79 7.89 10.75 4.45 8.84 21.99 8.24 8.03 18.67 11.73 13.82 17.56 5.48 8.48 12.49 24.8 21.38 13.17 6.32 18.92 20.23 21.03 11.52 22.24 15.07 21.76 8.11 15.68 20.85 24.12 17.49 12.92 24.84 9.55 7.35 25.06 23.41 9.5 16.02 18.44 18.74 22.17 12.23 18.1 11.69 20.73 
5.8 5.12 11.15 12.57 19.82 18.1 12.02 11.5 18.61 19.58 11 15.48 7.94 15.82 6.87 8.49 1.42 14.75 0 15.25 18.41 17.55 15.26 19.25 5.73 14.93 18.15 9.41 13.74 14.13 21.37 13.73 14.81 17.27 15.59 16.62 4.92 12.01 15.02 14.42 15.05 13.98 12.55 9.44 8.21 9.29 13.62 14.32 16.45 15.37 12.42 11.73 8.89 11.86 3.75 12.27 13.96 12.69 6.85 6.85 15.86 6.92 6.28 10.78 15.17 10.34 9.82 21.77 14.33 9.39 13.26 13.99 4.01 22.56 20.09 13.23 15.08 13.14 17.97 13.91 13.46 9.36 6.12 12.1 16.66 13.6 7.44 9.9 15.02 17.6 19.07 4.87 10.79 16.47 14.25 13.01 15.67 19.85 9.35 8.5 12.78 6.34 11.19 10.78 13.54 10.51 19.39 7.7 15.76 10.78 10.39 11.8 10.31 10.27 17.14 10.68 15.51 11.83 9.61 14.03 12.33 14.45 7.56 4.26 10.31 7.7 20.83 5.69 20.37 8.72 9.92 17.33 7.92 6.05 2.67 19.09 6.23 18.67 8.98 16.81 5.2 19.22 16.22 14.88 10.49 18.59 4 17.05 12.9 8.75 11.17 9.44 8.52 9.63 12.08 8.16 3.63 8.22 10.09 21.19 6.65 12.78 9.89 18.36 15.94 5.26 17.63 7.3 9.69 6.56 12.2 12.77 10.33 14.46 15.19 16.75 7.03 9.51 21.16 3.32 15.1 4.95 19.71 10.19 9.09 21.21 19.62 19.49 4.24 9.16 10.53 21.65 20.62 9.92 4.99 19.11 13.7 16.56 13.32 20.31 16.51 16.09 14.1 10.79 2.46 18.32 4.2 15.58 19.02 8.22 9.44 17.07 15.11 17.39 4.38 9.43 17.88 10.09 13.69 11.4 9.12 12.14 19.66 5.5 15.73 10.1 16.73 13.79 16.22 9.31 13.69 20.04 13.49 9.76 5.28 6.81 10.85 20.76 15.01 17.59 16.91 15.64 17.26 8.23 19.52 16.62 10.47 8.55 8.15 7.91 
16.89 12.04 26.32 7.63 29.92 32.3 22.09 23.12 24.21 34.34 25.48 24.58 22.42 9.65 8.85 11.32 14.08 24.42 15.25 0 27.55 32.74 24.09 29.68 10.67 26.56 33.19 24.31 14.81 1.66 27.61 24.48 23.98 23.35 6.31 17.48 10.39 4.39 6.41 25.39 26.57 16.11 21.26 8.45 23.46 19.33 28.1 25.97 27.7 7.07 27.57 18.49 6.92 3.51 18.47 17.31 17.79 7.83 21.17 19.54 24.03 17.95 21.48 24.79 30.42 20.14 6.57 36.87 12 6.04 16.75 29.1 12.53 26.46 24.99 28.29 27.65 22.93 30 24.3 27.28 22.15 18.37 11.27 26.49 24.78 12.17 5.36 19.11 30.3 26.06 17.88 22.97 31.07 28.9 4.73 27.33 28.84 13.29 6.81 2.82 21.19 19.09 25.86 10 25.75 27.13 15.85 30.16 24.75 25.64 21.6 17.17 22.56 23.11 25.86 22.06 11.96 24.83 3.46 21.73 29.55 10.89 16.24 20.59 19.22 25.51 12.2 25.61 21.86 25.1 31.9 8.13 11.11 16.38 20.92 10.65 24.4 14.17 26.01 13.62 28.04 25.05 10.22 22.64 32.41 18.74 32.28 24.19 7.22 26.28 24.61 7.48 6.59 18.57 7.44 11.97 12.4 24.6 27.26 21.91 20.2 23.52 32.69 18.35 19.05 28.26 7.98 10.54 9.6 17.12 10.07 19.33 13.75 6.42 17.69 21.42 21.55 35.46 12.63 0.38 20.18 28.05 14.79 9.87 27.1 33.75 32.49 19.46 23.09 25.76 36.26 34.16 22.45 13.87 22.87 26.3 29.13 8.34 24.46 27.66 4.29 27.19 25.6 17.22 22.63 16.09 27.42 31.77 19.22 16.18 21.01 30.32 18.14 19.63 24.36 29.4 24.07 28.54 21.72 21.85 27.21 26.02 10.46 6.94 23.65 17.6 27.97 31.27 21.77 27.36 34.76 3.89 11.74 9.99 11.81 20.13 24.55 19.53 3.21 4.2 29.48 32.34 22.66 34.72 5.48 25.48 23.18 23.11 20.51 
23.77 17.01 19.76 20.33 2.73 12.94 6.42 7.33 6.04 16.37 22.87 32.28 13.27 20.56 23.08 26.42 18.13 3.67 18.41 27.55 0 19.02 3.5 2.99 18.28 5.28 17.57 14.37 13.83 25.9 5.39 4.94 31.68 5.67 23.26 12.98 20.05 26.78 22.74 30.14 5.06 12.51 6.46 26.29 17.92 9.32 12.78 29.43 4.2 22.46 16.37 9.06 21.28 24.45 19.71 10.4 10.52 20.2 13.31 11.72 33.06 24.62 16.37 11.28 18.83 8.27 21.19 20.23 17.16 24.12 11.39 16.36 22 9.1 7.08 21.47 7.17 5.3 6.17 4.6 10.46 24.87 23.4 16.74 1.93 5.38 25.57 23.49 9.57 7.82 3.74 13.57 26.42 14.06 13.61 23 5.14 1.44 27.66 22.17 26.49 14.77 29.16 15.42 18.62 17.11 2.52 26.04 12.91 11.18 17.53 6.7 28.59 25.98 5.9 19.44 6 15.95 18.71 24.43 29.54 16.56 25.32 22.35 8.15 24.89 7.5 16.47 6.6 24.1 16.19 14.28 20.18 23.73 15.75 11.41 23.69 5.83 13.45 1.64 23.57 0.9 33.04 19.28 26.25 11.7 15.43 19.31 28.72 24.51 15.78 16.09 24.4 25.28 30.27 23.69 21 26.4 22.31 5.57 17.23 7.35 24.07 13.61 11.28 21.58 2.89 22.34 27.39 19.1 10.59 18.16 28.08 15.44 22.86 12.85 21.35 9.18 14.99 21.17 27.21 16.86 1.74 28.6 17.73 5.84 13.41 9.46 16.81 11.61 18.87 16.81 11.77 9.23 23.38 8.75 27.91 7.22 20.03 8.21 4 25.29 8.48 13.98 19.4 8.03 14.41 5.52 8.51 25.55 11.48 8.86 21 12.96 17.31 20.66 4.88 11.41 14.56 28.29 24.8 15.62 4.79 22.54 22.86 24.31 12.95 25.16 16.76 25.19 10.03 16.41 23.87 27.78 21.07 16.33 28.4 8.79 9.02 27.94 26.2 10.77 17.57 21.73 20.12 24.87 14.97 21.34 14.81 24.21 
18.53 21.21 7.49 28.64 17.89 6.92 16.69 14.31 23.87 4.63 10.63 21.4 10.83 31.07 24.35 24.65 18.66 17.36 17.55 32.74 19.02 0 18.69 17.08 22.41 13.94 2.08 8.67 26.04 31.52 24.37 15.56 21.1 22.78 31.99 27.46 22.36 29.51 31.38 18.31 14.15 25.36 18.55 26.5 9.56 17.16 6.63 17.08 14.82 31.53 5.2 20.73 26.08 29.28 14.92 22.48 23.97 28.67 12.08 14.62 22.73 18.34 11.27 9.74 2.58 17.25 26.82 4.45 28.38 26.94 24.05 3.81 20.97 27.78 25.35 6.81 11.88 17.08 13.4 16.15 8.89 15.21 17.08 26.57 17.42 14.81 23.39 27.39 24.08 11.7 22.35 15.54 16.04 5.05 5.64 29.92 13.91 19.78 24.34 25.94 30.33 11.66 21.72 6.97 28.57 7.06 21.46 21.1 6.12 9.83 7.24 17.1 22.5 15.93 22.87 7.76 21.67 25.94 8.46 31.13 20.23 3.37 24.11 18.14 16.63 17.56 25.96 21.34 25.1 14.78 7.64 5.11 24.95 22.95 16.5 27.92 23.27 23.75 21.99 18.47 20.95 19.81 22.02 29.83 16.13 8.48 14.07 0.79 17.55 26.23 6.5 8.13 25.98 27.09 23.27 25.69 21.06 23.88 10.94 24.5 10.94 20.12 13.37 6.4 25.91 15.32 16.23 24.84 25.99 23.45 22.56 27.8 20.43 27.52 31.55 27.46 13.1 14.24 7.6 20.56 32.56 12.6 20.72 24.19 24.83 24.74 7.58 11.32 13.31 10.98 7.58 6.54 10.1 13.25 20.63 26.1 15.11 11.91 29.06 26.29 15.02 33.01 10.71 7.62 15.95 25.16 17.27 13.53 11.87 18.13 20.69 24.98 4.43 27.93 13.19 9.97 14.54 10.24 5.11 18.9 15.39 5.67 23.42 22.86 31.94 13.49 27.51 10.79 2.29 15.8 9.25 5.06 30.55 25.52 22.83 22.2 20.18 26.91 23.66 34.86 33.9 8.26 1.52 12.26 1.98 33.3 7.42 11.51 9.73 15.97 
20.79 13.55 18.1 16.95 5.88 13.49 3.34 5.07 5.19 16.84 20.88 29.67 11.11 17.41 19.63 23.07 14.87 1.33 15.26 24.09 3.5 18.69 0 5.77 14.8 5 17.56 12.62 10.74 22.44 6.58 3.15 29.05 4.11 19.96 10.43 16.61 23.28 19.43 27.73 4.82 9.48 2.97 22.84 15.88 6.01 12.11 27.12 4.97 19.18 15.21 5.62 17.78 20.95 16.92 7.09 7.51 16.83 10.87 8.83 30.36 21.72 14.02 9.77 18.03 4.95 17.7 20.64 14.03 20.62 8.25 15.55 18.71 9.26 6.72 20.02 7.14 2.27 7.59 2.57 9.8 22.38 20.56 13.41 2.6 3.89 22.27 19.99 6.81 8.85 4.21 10.52 23.95 14.05 13.06 19.57 5.37 4.89 24.39 18.66 22.99 12.37 26.23 13.96 15.36 15.52 4.16 22.95 12.82 9.66 15.89 3.47 25.54 23.48 4.22 17.72 3.39 12.62 16.86 21.01 26.8 15.82 21.96 19.33 4.96 22.1 7.38 12.99 6.57 21.61 14.52 14.46 16.67 20.38 12.62 9.66 20.32 5.08 9.96 1.92 20.36 4.14 30.43 16.11 23.75 12.55 12.62 18.84 26.26 21.03 14.39 14.33 20.93 21.79 27.26 20.21 17.66 23.11 20.24 6.53 14.94 3.92 21.77 14.15 8.68 18.84 4.67 18.86 24.01 15.61 7.27 14.86 25.2 12.39 19.56 10.34 18.89 6.55 16.05 17.87 23.74 14.3 4.48 25.4 14.25 6.67 14.31 10.92 14.14 9.61 17.17 17.71 13.21 6.92 20.18 7.48 25.73 7.88 16.71 7.6 4.8 21.94 8.04 12.55 16.47 6.57 11.16 5.71 9.97 22.74 7.98 6.77 19.95 10.58 14.67 18.64 6.47 9.68 13.81 25.61 22.27 14.44 5.13 19.15 19.59 22.01 10.42 23.37 16.4 22.64 9.45 16.99 20.44 24.44 17.64 12.83 25.58 8.22 6.26 24.57 22.87 10.82 17.35 19.42 20.07 21.57 13.45 19.11 12.79 21.56 
24.25 18.59 18.85 22.67 0.83 10.59 7.76 7.75 9.02 13.98 22.2 32.18 13.06 23.17 24.53 27.54 19.18 5.26 19.25 29.68 2.99 17.08 5.77 0 19.93 4.56 15.45 13.71 16.48 28.04 7.95 5.59 31.62 8.63 25.72 15.86 21.51 28.57 25.19 29.83 4.39 15.19 8.42 27.7 17.43 10.72 11.29 29.02 3 24.95 15.12 11.33 23.18 26.45 20 12.86 13.21 22.56 13.38 12.4 33.08 24.98 16.23 10.59 17.23 9.74 23.2 17.81 19.79 25.83 14 14.84 23.05 11.84 9.99 20.34 5.72 6.79 3.71 5.56 9.12 24.71 23.69 19.17 3.21 5.64 26.6 25.34 12.36 5.44 6.67 14.38 26.22 12.03 11.99 25.24 4.01 2.94 28.6 23.95 28.42 14.74 29.52 14.46 21.13 16.2 5.31 26.67 10.98 10.51 16.65 8.19 29.14 25.81 8.86 18.58 8.78 18.38 18 26.68 29.62 14.96 26.49 22.91 9.45 25.1 10.36 18.13 9.47 23.96 15.38 12.11 22.02 24.9 16.61 14.4 24.91 8.81 15.51 3.95 24.45 3.33 32.94 21.88 26.08 9.21 15.85 17.46 28.48 26.08 14.75 15.38 25.95 26.89 30.73 25.27 22.16 27.42 21.74 8.21 16.99 9.66 23.71 11.25 14.14 21.77 1.62 23.94 28.6 20.83 13.04 20.62 28.37 18.12 25.32 15.74 21.2 9.74 12.32 22.23 29.34 16.94 4.17 29.4 19.81 8.51 10.85 6.72 17.02 11.35 18.01 14.19 9 9.46 24.23 11.73 27.38 5.2 22.46 11.14 2.88 27.68 7.18 13.05 19.88 11.02 15.52 4.28 5.81 25.78 13.5 11.8 19.54 15.88 17.47 20.08 2.54 10.9 13.05 28.32 24.68 14.41 7.67 23.82 25.36 23.94 15.83 24.26 14.89 25.09 8.66 13.96 26.1 28.88 22.5 18.14 28.61 11.71 11.81 30.29 28.61 8.86 15.58 21.42 17.98 27.33 14.08 20.94 14.39 24.24 
10.26 1.4 16.63 6.84 20.32 21.63 12.17 12.77 16.6 23.71 16.73 20 11.83 10.15 5 9.09 4.31 14.79 5.73 10.67 18.28 22.41 14.8 19.93 0 16.32 22.69 13.81 9.35 9.26 19.81 14.44 19.32 15.41 9.91 12.5 2.23 8.67 9.34 19.49 16.36 10.02 11.83 8.18 13.58 9.22 17.46 19.58 17.61 9.66 17.21 9.73 3.76 7.16 9.47 9.39 10.72 6.97 10.56 8.89 20.08 11.53 11.33 14.12 20.22 10.19 4.41 26.39 9.05 5.91 9.76 18.67 5.83 20.01 17.84 18.79 17.18 13.17 19.71 14.39 16.62 14.79 11.17 6.84 16.88 14.62 8.71 5.6 12.02 19.84 17.78 7.21 16.09 20.43 18.28 7.53 17.09 19.69 10.93 4.11 8.76 10.75 14.96 15.45 7.97 15.59 18.51 11.04 19.5 14.08 15.56 11.76 13.52 15.58 15.22 16.15 13.77 6.78 15.04 8.72 16.78 19.13 7.93 8.9 10.5 12.6 18.52 1.81 18.29 14.22 14.82 21.26 2.57 6.55 5.91 15.52 6.3 16.73 5.49 16.65 7.86 18.93 20.68 9.29 15.77 21.77 8.36 22.02 18.01 6.24 15.91 14.33 6.14 7 15.37 5.42 4.51 9.51 15.81 19.54 11.93 11.29 15.53 22.02 12.32 10.81 18.4 4.06 9.71 1.07 9.24 7.23 14.46 9.6 9.51 12.67 12.75 11.05 24.79 5.18 10.42 10.15 19.17 12.33 3.53 19.47 23.08 21.98 9.42 12.43 15.93 25.61 23.56 11.88 7.88 16.31 19.18 18.68 7.61 17.75 17.59 10.64 16.61 15.06 8.16 15.7 5.43 17.13 21.31 12.95 7.06 14.19 20.49 13.3 9.73 15.1 19.26 13.41 17.98 16.12 14.52 16.78 18.08 5.06 10.02 15.73 12.62 19.52 20.79 14.64 16.71 24.13 8.14 10.43 3.21 2.23 15.14 18.06 12.2 12.47 11.51 18.82 21.88 13.95 24.37 11.04 15.03 14.27 12.68 13.22 
19.76 14.93 14.56 20.08 5.29 8.49 4.67 3.58 10.04 11.85 17.78 27.63 8.5 21.21 20.63 23.35 15.01 3.71 14.93 26.56 5.28 13.94 5 4.56 16.32 0 12.66 9.27 14.82 24.98 10.49 2.36 27.06 9.08 23.33 15.11 17.66 24.98 22.75 25.31 0.22 13.72 6.17 23.73 12.93 7.24 7.53 24.52 1.58 22.62 11.09 9.16 19.81 23.19 15.47 10.95 11.88 20 8.84 8.12 28.52 20.45 11.67 6.14 13.58 6.47 20 15.65 17.93 22.2 12.39 11.11 18.83 13.84 11.46 16.21 2.15 4.24 3.44 2.82 5.2 20.16 19.16 16.86 3.51 1.82 22.35 21.87 11.46 4.13 8.41 10.14 21.67 9.13 8.41 22.39 0.77 6.37 24.28 20.42 25.02 10.18 24.99 10.19 18.93 11.9 7.59 22.22 7.92 6.05 12.33 5.21 24.66 21.26 9.21 14.25 8.32 16.07 13.59 23.82 25.06 11.32 22.33 18.45 5.99 20.55 12.05 14.57 11.17 19.41 11.01 9.5 18.61 20.75 12.35 14.65 20.81 9.9 12.64 4.54 20.12 6.16 28.39 19.88 21.53 7.6 11.39 14.17 23.94 22.28 10.53 10.96 22.12 23.12 26.22 21.49 18.04 23.15 17.29 10.59 12.44 7.8 19.19 9.14 13.38 17.22 3.03 20.21 24.47 17.3 11.11 18.3 23.83 16.49 22.9 15.04 16.65 5.49 11.12 18.04 26.26 12.39 7.02 25.02 16.8 10.82 9.35 6.36 12.49 6.79 13.68 12.73 8.5 5.03 19.89 12.46 22.92 3.02 20.05 12.45 1.68 25.08 3.25 8.75 15.41 11.56 11.46 0.88 5.47 21.23 10.67 11.73 15.72 15.36 12.92 15.62 2.98 6.38 9.31 23.76 20.12 10.34 9.48 19.78 23.05 19.43 15.11 19.97 11.65 20.53 4.78 11.99 23.22 24.66 18.61 14.78 24.06 13.07 10.95 27.56 26.02 5.86 12.54 16.89 15.2 24.9 9.75 16.43 9.87 19.68 
19.71 21.43 8.92 28.66 16.25 5.03 15.85 13.49 22.69 2.57 12.3 23.21 10.89 30.91 25.02 25.65 19.17 16.22 18.15 33.19 17.57 2.08 17.56 15.45 22.69 12.66 0 8.89 25.57 31.9 22.95 14.48 22.88 21.66 32.04 26.76 22.84 30.16 31.43 20.16 12.87 24.8 17.71 27.34 10.52 16.67 5.85 18.94 13.39 31.54 5.79 20.1 26.41 29.7 15.86 21.89 23.29 28.68 12.17 14.46 24.51 19.63 11.9 9.27 4.14 16.63 27.09 3.71 28.08 27.51 23.46 4.18 21.77 26.48 24.12 8.6 10.54 16.11 11.75 15.06 7.89 16.77 18.33 26.37 16.07 13.73 24.39 27.86 23.29 10.02 21.02 15.62 17.7 3.53 4.85 30.13 12.54 18.24 25.49 26.38 30.87 12 23.22 7.37 28.42 7.92 20.06 22.33 4.74 9.35 8.21 16.3 23.89 17.55 21.77 9.11 20.67 25.7 9.62 31.39 21.89 3.74 25.04 19.18 16 18.94 24.71 21.49 23.82 16.28 8.28 3.34 25.25 23.79 16.83 26.98 24.09 22.55 21.76 17.16 21.92 18.33 23.84 29.64 17.76 6.58 14.45 2.8 19.33 26.9 6.99 8.75 26.66 27.77 24.76 26.32 21.74 24.94 12.51 23.11 11.72 19.33 14.97 4.45 25.16 16.47 14.73 25.39 26.98 23.75 21.99 27.65 21.93 27.1 31.6 26.75 14.38 13.71 5.53 21.29 32.99 13.25 19.24 25.45 24.87 23.36 5.54 9.42 13.93 10.71 8.83 4.6 8.08 12.68 21.61 25.02 16.98 10.37 29.02 25.1 13.59 33.19 9.52 7.64 16.78 24.1 17.4 12.16 10.04 19.54 20.31 24.04 6.36 27.19 13.88 11.37 12.94 9.86 4.76 20.53 16.93 6.01 22.1 23.58 31.96 15.11 26.8 12.71 1.94 17.35 8.17 3.03 30.8 26.59 23.38 22.28 21.73 25.72 22.85 35.16 34.1 6.83 1.01 13.65 2.55 33.41 7.72 12.9 10.08 17.39 
