50 1225
5.09 6.22 9.21
41599.9
63 81 99 72 60 4 88 80 31 55 78 6 10 24 35 72 61 44 9 42 50 18 23 51 39 86 62 98 56 40 88 29 83 10 33 26 21 71 68 87 91 90 92 99 96 86 24 49 33 15 
0 17.36 8.23 5.06 4.22 6.31 16.12 8.52 18.04 21.5 13.51 15.2 23.3 8.68 13.61 24.41 12.77 25.37 12.03 3.93 3.4 19.72 8.4 6.44 23.09 15.37 10.55 18.25 9.29 20.07 22.72 19.48 23.79 17.81 22.35 26.97 21.38 3.81 19.38 11.72 7.93 3.36 3.6 11.3 17.35 18.41 13.55 19.68 16.47 20.3 
17.36 0 14.56 12.61 21.54 22.08 28.93 25.8 14.21 32.8 28.71 4.81 15.25 25.74 4.97 35.61 6.79 21.74 16.29 20.65 19.99 19.54 15.89 23.6 29.17 3.63 6.81 31.13 26.45 10.7 20.16 30.76 15.47 4.36 33.88 22.61 27.01 14.51 27.5 8.11 25.28 20.13 19.17 6.28 1.25 15.43 7.71 25.89 18.72 23.1 
8.23 14.56 0 5.39 11.5 14.5 14.38 14.03 10.01 18.52 14.54 10.54 15.54 15.99 9.64 21.42 7.97 17.15 4.03 8.91 8.37 11.59 1.34 13.82 16.96 14.37 9.11 16.58 16.37 13.03 14.5 16.44 16.05 16.99 19.57 18.74 14.95 4.8 14.12 6.58 14.09 8.65 7.06 10.59 13.96 10.25 7.8 13.41 8.51 12.77 
5.06 12.61 5.39 0 9.26 10.97 17.9 13.24 13.9 22.72 16.59 10.14 18.77 13.75 8.58 25.68 7.72 21.76 9.36 8.03 7.37 16.61 6.32 11.51 22.23 11.15 5.9 20.14 14.35 15.23 19.22 20.63 19.25 13.74 23.71 23.27 20.26 1.98 19.12 6.71 12.82 7.52 6.61 6.98 12.47 14.48 8.56 18.68 13.77 18.13 
4.22 21.54 11.5 9.26 0 4.04 15.16 4.72 21.51 20.76 11.43 19.39 26.97 4.58 17.82 23.53 16.94 28.34 14.84 3.17 3.4 22.45 11.27 2.35 24.03 19.4 14.73 17.06 5.11 24 25.65 18.9 27.48 21.75 21.45 29.98 22.58 7.78 19.98 15.84 3.87 3.1 4.72 15.4 21.56 21.72 17.63 20.87 19.03 22.33 
6.31 22.08 14.5 10.97 4.04 0 19.09 7.42 24.36 24.7 15.06 20.78 29.57 4.45 19.09 27.42 18.56 31.62 18.18 7.13 7.22 25.87 14.54 3.42 28.04 19.41 15.51 20.91 5.3 26.2 28.95 22.88 30.06 21.49 25.35 33.23 26.54 10.08 24.02 17.66 6.2 6.93 8.4 15.8 22.33 24.72 19.52 24.83 22.53 26.07 
16.12 28.93 14.38 17.9 15.16 19.09 0 12.6 20.2 5.61 5.09 24.74 25.59 16.79 24 8.39 22.27 22.79 13.53 12.62 12.92 17.21 13.04 16.01 11.75 28.57 23.19 2.24 16.43 25.15 20.5 3.91 26.08 31.2 6.31 24.36 11.44 16.05 7.7 20.89 13.75 13.08 12.53 24.56 28.3 19.53 21.82 10.18 14.38 14.27 
8.52 25.8 14.03 13.24 4.72 7.42 12.6 0 23.79 18.11 7.98 23.21 29.46 4.2 21.75 20.65 20.64 29.73 16.55 5.33 5.97 23.67 13.38 4.01 23.06 23.9 19 14.12 3.85 27.02 27.06 16.5 29.98 26.32 18.62 31.4 21.96 11.47 18.83 19.42 1.25 5.77 7.11 19.82 25.71 23.77 21.11 20.31 20.19 22.7 
18.04 14.21 10.01 13.9 21.51 24.36 20.2 23.79 0 22.13 22.41 9.58 5.73 26 10.44 24.51 9.03 8.27 7.43 18.86 18.35 5.5 10.43 23.83 16.06 16.36 13.33 21.99 26.36 5.39 6.15 20.43 6.25 18.32 23.24 9.6 13.99 14.31 15.71 8.7 23.98 18.64 17.02 14.62 13.03 1.24 7.48 13.36 6.15 9.51 
21.5 32.8 18.52 22.72 20.76 24.7 5.61 18.11 22.13 0 10.29 28.3 26.94 22.32 27.83 2.95 26.01 22.67 16.64 18.15 18.41 17.97 17.18 21.61 9.22 32.88 27.6 4.09 21.91 27.43 20.82 2.1 27.38 35.5 1.12 24.07 9.98 21 6.7 24.68 19.29 18.59 17.9 29.04 32.02 21.22 25.3 9.51 15.98 14.16 
13.51 28.71 14.54 16.59 11.43 15.06 5.09 7.98 22.41 10.29 0 25.04 28.07 12.16 23.99 12.7 22.44 26.37 15.1 9.61 10.11 20.46 13.35 11.76 16.67 27.72 22.36 6.22 11.69 26.83 23.89 8.9 28.58 30.32 10.7 28.02 16.1 14.61 12.48 21.06 9.21 10.17 10.24 23.56 28.28 21.97 22.34 14.66 17.24 18.21 
15.2 4.81 10.54 10.14 19.39 20.78 24.74 23.21 9.58 28.3 25.04 0 11.64 23.87 1.76 31.07 2.62 17.46 11.68 17.89 17.24 14.8 11.81 21.64 24.37 6.85 5.7 26.89 24.49 7.1 15.66 26.3 11.97 8.74 29.4 18.5 22.21 11.75 22.8 3.99 22.89 17.43 16.21 6.33 3.8 10.78 3 21.12 13.92 18.29 
23.3 15.25 15.54 18.77 26.97 29.57 25.59 29.46 5.73 26.94 28.07 11.64 0 31.5 13.1 29.08 12.34 7.36 13.16 24.45 23.91 9.05 16.08 29.31 19.71 18.26 16.77 27.25 31.91 4.59 7.12 25.4 0.52 19.61 28.02 7.73 17.86 19.5 20.3 12.6 29.6 24.19 22.59 17.76 14 6.11 10.88 17.66 11.22 13.19 
8.68 25.74 15.99 13.75 4.58 4.45 16.79 4.2 26 22.32 12.16 23.87 31.5 0 22.26 24.84 21.46 32.58 19.13 7.21 7.66 26.61 15.65 2.25 26.99 23.34 18.99 18.32 0.85 28.58 29.9 20.7 32.01 25.55 22.82 34.24 25.77 12.35 22.8 20.38 3.06 7.37 9.01 19.51 25.85 26.16 22.19 24.09 23.15 26.1 
13.61 4.97 9.64 8.58 17.82 19.09 24 21.75 10.44 27.83 23.99 1.76 13.1 22.26 0 30.65 1.85 18.54 11.36 16.46 15.81 15.38 10.97 20.04 24.46 6 3.95 26.18 22.9 8.64 16.58 25.79 13.46 8.25 28.91 19.67 22.3 10.29 22.6 3.14 21.38 15.99 14.84 4.69 4.32 11.56 3.09 21.11 14.11 18.62 
24.41 35.61 21.42 25.68 23.53 27.42 8.39 20.65 24.51 2.95 12.7 31.07 29.08 24.84 30.65 0 28.82 24.29 19.39 21 21.28 20.04 20.09 24.27 10.28 35.78 30.51 6.54 24.39 29.87 22.66 5.05 29.5 38.39 2.08 25.59 11.53 23.95 8.82 27.51 21.85 21.45 20.81 31.96 34.81 23.54 28.07 11.44 18.37 16.02 
12.77 6.79 7.97 7.72 16.94 18.56 22.27 20.64 9.03 26.01 22.44 2.62 12.34 21.46 1.85 28.82 0 17.25 9.52 15.32 14.67 13.75 9.27 19.21 22.63 7.71 4.46 24.44 22.05 8.13 15.16 23.99 12.74 10.05 27.1 18.47 20.47 9.22 20.76 1.39 20.36 14.87 13.62 5.62 6.04 10.09 1.56 19.27 12.32 16.86 
25.37 21.74 17.15 21.76 28.34 31.62 22.79 29.73 8.27 22.67 26.37 17.46 7.36 32.58 18.54 24.29 17.25 0 13.5 25.39 24.99 6.07 17.1 30.56 14.17 24.31 21.6 23.98 32.81 11.24 2.69 21.54 7.46 26.03 23.65 1.68 12.77 21.84 16.04 16.97 30.18 25.29 23.64 22.87 20.5 7.39 15.7 13.2 9.54 8.62 
12.03 16.29 4.03 9.36 14.84 18.18 13.53 16.55 7.43 16.64 15.1 11.68 13.16 19.13 11.36 19.39 9.52 13.5 0 11.92 11.5 7.7 3.64 17.07 13.49 16.9 12.06 15.56 19.4 11.77 10.82 14.67 13.68 19.41 17.75 15.14 11.39 8.81 11.26 8.27 16.86 11.8 10.15 13.58 15.44 7.25 8.68 10 4.49 8.78 
3.93 20.65 8.91 8.03 3.17 7.13 12.62 5.33 18.86 18.15 9.61 17.89 24.45 7.21 16.46 21 15.32 25.39 11.92 0 0.66 19.43 8.47 5.2 20.91 18.98 13.9 14.66 7.51 21.79 22.7 16.2 24.96 21.49 18.92 27.04 19.42 6.18 16.91 14.09 5.2 0.57 1.86 14.84 20.49 18.98 15.78 17.71 15.99 19.18 
3.4 19.99 8.37 7.37 3.4 7.22 12.92 5.97 18.35 18.41 10.11 17.24 23.91 7.66 15.81 21.28 14.67 24.99 11.5 0.66 0 19.07 7.99 5.58 20.88 18.34 13.24 15 8 21.2 22.3 16.44 24.42 20.86 19.21 26.64 19.34 5.52 16.93 13.44 5.8 0.3 1.35 14.19 19.83 18.5 15.15 17.63 15.64 18.94 
19.72 19.54 11.59 16.61 22.45 25.87 17.21 23.67 5.5 17.97 20.46 14.8 9.05 26.61 15.38 20.04 13.75 6.07 7.7 19.43 19.07 0 11.34 24.63 10.84 21.38 17.65 18.64 26.81 10.65 3.45 16.53 9.46 23.51 19.04 7.74 8.88 16.38 11.29 13.05 24.14 19.37 17.73 19.08 18.4 4.26 12.3 8.61 3.48 4.22 
8.4 15.89 1.34 6.32 11.27 14.54 13.04 13.38 10.43 17.18 13.35 11.81 16.08 15.65 10.97 20.09 9.27 17.1 3.64 8.47 7.99 11.34 0 13.54 15.91 15.71 10.43 15.24 15.97 13.88 14.42 15.1 16.59 18.33 18.24 18.73 13.94 5.37 12.91 7.88 13.55 8.29 6.64 11.89 15.28 10.51 9.01 12.36 8.07 12.09 
6.44 23.6 13.82 11.51 2.35 3.42 16.01 4.01 23.83 21.61 11.76 21.64 29.31 2.25 20.04 24.27 19.21 30.56 17.07 5.2 5.58 24.63 13.54 0 25.62 21.29 16.82 17.73 2.86 26.34 27.87 19.87 29.82 23.56 22.21 32.21 24.28 10.1 21.48 18.14 2.79 5.27 6.92 17.39 23.68 24.03 19.95 22.58 21.19 24.32 
23.09 29.17 16.96 22.23 24.03 28.04 11.75 23.06 16.06 9.22 16.67 24.37 19.71 26.99 24.46 10.28 22.63 14.17 13.49 20.91 20.88 10.84 15.91 25.62 0 30.25 25.55 11.9 26.85 21.4 12.84 8.85 20.07 32.68 10.03 15.38 2.16 21.07 4.26 21.54 24 21.14 19.86 27.07 28.15 14.91 21.48 3.55 10.47 6.62 
15.37 3.63 14.37 11.15 19.4 19.41 28.57 23.9 16.36 32.88 27.72 6.85 18.26 23.34 6 35.78 7.71 24.31 16.9 18.98 18.34 21.38 15.71 21.29 30.25 0 5.39 30.8 24.09 13.67 22.48 30.81 18.54 2.64 33.94 25.33 28.1 13.13 28.12 8.71 23.24 18.43 17.72 4.17 4.65 17.52 9.08 26.83 20.02 24.57 
10.55 6.81 9.11 5.9 14.73 15.51 23.19 19 13.33 27.6 22.36 5.7 16.77 18.99 3.95 30.51 4.46 21.6 12.06 13.9 13.24 17.65 10.43 16.82 25.55 5.39 0 25.43 19.68 12.45 19.4 25.51 17.16 8.03 28.64 22.86 23.43 7.86 23.1 4.66 18.47 13.37 12.51 1.52 6.87 14.31 5.99 22.05 15.7 20.31 
18.25 31.13 16.58 20.14 17.06 20.91 2.24 14.12 21.99 4.09 6.22 26.89 27.25 18.32 26.18 6.54 24.44 23.98 15.56 14.66 15 18.64 15.24 17.73 11.9 30.8 25.43 0 17.89 27.05 21.82 3.13 27.73 33.44 4.5 25.51 12 18.29 8.24 23.06 15.32 15.14 14.68 26.8 30.48 21.25 23.95 10.98 16.03 15.37 
9.29 26.45 16.37 14.35 5.11 5.3 16.43 3.85 26.36 21.91 11.69 24.49 31.91 0.85 22.9 24.39 22.05 32.81 19.4 7.51 8 26.81 15.97 2.86 26.85 24.09 19.68 17.89 0 29.07 30.12 20.34 32.42 26.33 22.39 34.47 25.69 12.89 22.63 20.95 2.85 7.72 9.34 20.23 26.54 26.48 22.75 24.01 23.33 26.16 
20.07 10.7 13.03 15.23 24 26.2 25.15 27.02 5.39 27.43 26.83 7.1 4.59 28.58 8.64 29.87 8.13 11.24 11.77 21.79 21.2 10.65 13.88 26.34 21.4 13.67 12.45 27.05 29.07 0 10.11 25.67 4.88 15.06 28.54 11.97 19.35 16.28 21.08 8.66 27 21.46 19.95 13.33 9.45 6.5 6.82 18.75 11.5 14.81 
22.72 20.16 14.5 19.22 25.65 28.95 20.5 27.06 6.15 20.82 23.89 15.66 7.12 29.9 16.58 22.66 15.16 2.69 10.82 22.7 22.3 3.45 14.42 27.87 12.84 22.48 19.4 21.82 30.12 10.11 0 19.54 7.4 24.37 21.85 4.35 11.18 19.22 14.12 14.74 27.49 22.6 20.96 20.73 18.95 5.09 13.62 11.31 6.89 6.67 
19.48 30.76 16.44 20.63 18.9 22.88 3.91 16.5 20.43 2.1 8.9 26.3 25.4 20.7 25.79 5.05 23.99 21.54 14.67 16.2 16.44 16.53 15.1 19.87 8.85 30.81 25.51 3.13 20.34 25.67 19.54 0 25.86 33.42 3.13 23.01 9.15 18.91 5.52 22.65 17.65 16.63 15.89 26.95 30.01 19.56 23.31 8.36 14.3 12.93 
23.79 15.47 16.05 19.25 27.48 30.06 26.08 29.98 6.25 27.38 28.58 11.97 0.52 32.01 13.46 29.5 12.74 7.46 13.68 24.96 24.42 9.46 16.59 29.82 20.07 18.54 17.16 27.73 32.42 4.88 7.4 25.86 0 19.83 28.46 7.72 18.24 19.99 20.73 13.03 30.12 24.7 23.11 18.13 14.22 6.61 11.3 18.07 11.7 13.58 
17.81 4.36 16.99 13.74 21.75 21.49 31.2 26.32 18.32 35.5 30.32 8.74 19.61 25.55 8.25 38.39 10.05 26.03 19.41 21.49 20.86 23.51 18.33 23.56 32.68 2.64 8.03 33.44 26.33 15.06 24.37 33.42 19.83 0 36.56 26.94 30.52 15.72 30.65 11.16 25.61 20.94 20.29 6.76 5.61 19.52 11.31 29.29 22.36 26.86 
22.35 33.88 19.57 23.71 21.45 25.35 6.31 18.62 23.24 1.12 10.7 29.4 28.02 22.82 28.91 2.08 27.1 23.65 17.75 18.92 19.21 19.04 18.24 22.21 10.03 33.94 28.64 4.5 22.39 28.54 21.85 3.13 28.46 36.56 0 25.03 10.93 21.96 7.75 25.77 19.82 19.37 18.75 30.08 33.12 22.32 26.41 10.53 17.09 15.18 
26.97 22.61 18.74 23.27 29.98 33.23 24.36 31.4 9.6 24.07 28.02 18.5 7.73 34.24 19.67 25.59 18.47 1.68 15.14 27.04 26.64 7.74 18.73 32.21 15.38 25.33 22.86 25.51 34.47 11.97 4.35 23.01 7.72 26.94 25.03 0 14.11 23.41 17.5 18.27 31.85 26.94 25.29 24.09 21.36 8.82 16.91 14.65 11.22 10.14 
21.38 27.01 14.95 20.26 22.58 26.54 11.44 21.96 13.99 9.98 16.1 22.21 17.86 25.77 22.3 11.53 20.47 12.77 11.39 19.42 19.34 8.88 13.94 24.28 2.16 28.1 23.43 12 25.69 19.35 11.18 9.15 18.24 30.52 10.93 14.11 0 19.18 3.77 19.39 22.83 19.62 18.26 24.95 26 12.85 19.32 1.71 8.32 4.67 
3.81 14.51 4.8 1.98 7.78 10.08 16.05 11.47 14.31 21 14.61 11.75 19.5 12.35 10.29 23.95 9.22 21.84 8.81 6.18 5.52 16.38 5.37 10.1 21.07 13.13 7.86 18.29 12.89 16.28 19.22 18.91 19.99 15.72 21.96 23.41 19.18 0 17.75 8.07 11.14 5.7 4.66 8.96 14.32 14.74 9.85 17.54 13.3 17.45 
19.38 27.5 14.12 19.12 19.98 24.02 7.7 18.83 15.71 6.7 12.48 22.8 20.3 22.8 22.6 8.82 20.76 16.04 11.26 16.91 16.93 11.29 12.91 21.48 4.26 28.12 23.1 8.24 22.63 21.08 14.12 5.52 20.73 30.65 7.75 17.5 3.77 17.75 0 19.53 19.79 17.19 16 24.61 26.6 14.72 19.82 2.85 9.58 7.47 
11.72 8.11 6.58 6.71 15.84 17.66 20.89 19.42 8.7 24.68 21.06 3.99 12.6 20.38 3.14 27.51 1.39 16.97 8.27 14.09 13.44 13.05 7.88 18.14 21.54 8.71 4.66 23.06 20.95 8.66 14.74 22.65 13.03 11.16 25.77 18.27 19.39 8.07 19.53 0 19.18 13.66 12.36 6.04 7.41 9.66 1.86 18.13 11.35 15.94 
7.93 25.28 14.09 12.82 3.87 6.2 13.75 1.25 23.98 19.29 9.21 22.89 29.6 3.06 21.38 21.85 20.36 30.18 16.86 5.2 5.8 24.14 13.55 2.79 24 23.24 18.47 15.32 2.85 27 27.49 17.65 30.12 25.61 19.82 31.85 22.83 11.14 19.79 19.18 0 5.55 7.05 19.21 25.25 24.03 20.91 21.16 20.66 23.37 
3.36 20.13 8.65 7.52 3.1 6.93 13.08 5.77 18.64 18.59 10.17 17.43 24.19 7.37 15.99 21.45 14.87 25.29 11.8 0.57 0.3 19.37 8.29 5.27 21.14 18.43 13.37 15.14 7.72 21.46 22.6 16.63 24.7 20.94 19.37 26.94 19.62 5.7 17.19 13.66 5.55 0 1.65 14.29 19.99 18.79 15.37 17.9 15.94 19.24 
3.6 19.17 7.06 6.61 4.72 8.4 12.53 7.11 17.02 17.9 10.24 16.21 22.59 9.01 14.84 20.81 13.62 23.64 10.15 1.86 1.35 17.73 6.64 6.92 19.86 17.72 12.51 14.68 9.34 19.95 20.96 15.89 23.11 20.29 18.75 25.29 18.26 4.66 16 12.36 7.05 1.65 0 13.55 18.95 17.15 14.02 16.55 14.31 17.69 
11.3 6.28 10.59 6.98 15.4 15.8 24.56 19.82 14.62 29.04 23.56 6.33 17.76 19.51 4.69 31.96 5.62 22.87 13.58 14.84 14.19 19.08 11.89 17.39 27.07 4.17 1.52 26.8 20.23 13.33 20.73 26.95 18.13 6.76 30.08 24.09 24.95 8.96 24.61 6.04 19.21 14.29 13.55 0 6.61 15.64 7.18 23.57 17.2 21.81 
17.35 1.25 13.96 12.47 21.56 22.33 28.3 25.71 13.03 32.02 28.28 3.8 14 25.85 4.32 34.81 6.04 20.5 15.44 20.49 19.83 18.4 15.28 23.68 28.15 4.65 6.87 30.48 26.54 9.45 18.95 30.01 14.22 5.61 33.12 21.36 26 14.32 26.6 7.41 25.25 19.99 18.95 6.61 0 14.26 6.78 24.92 17.69 22.02 
18.41 15.43 10.25 14.48 21.72 24.72 19.53 23.77 1.24 21.22 21.97 10.78 6.11 26.16 11.56 23.54 10.09 7.39 7.25 18.98 18.5 4.26 10.51 24.03 14.91 17.52 14.31 21.25 26.48 6.5 5.09 19.56 6.61 19.52 22.32 8.82 12.85 14.74 14.72 9.66 24.03 18.79 17.15 15.64 14.26 0 8.56 12.29 5.26 8.32 
13.55 7.71 7.8 8.56 17.63 19.52 21.82 21.11 7.48 25.3 22.34 3 10.88 22.19 3.09 28.07 1.56 15.7 8.68 15.78 15.15 12.3 9.01 19.95 21.48 9.08 5.99 23.95 22.75 6.82 13.62 23.31 11.3 11.31 26.41 16.91 19.32 9.85 19.82 1.86 20.91 15.37 14.02 7.18 6.78 8.56 0 18.19 11.08 15.55 
19.68 25.89 13.41 18.68 20.87 24.83 10.18 20.31 13.36 9.51 14.66 21.12 17.66 24.09 21.11 11.44 19.27 13.2 10 17.71 17.63 8.61 12.36 22.58 3.55 26.83 22.05 10.98 24.01 18.75 11.31 8.36 18.07 29.29 10.53 14.65 1.71 17.54 2.85 18.13 21.16 17.9 16.55 23.57 24.92 12.29 18.19 0 7.39 4.65 
16.47 18.72 8.51 13.77 19.03 22.53 14.38 20.19 6.15 15.98 17.24 13.92 11.22 23.15 14.11 18.37 12.32 9.54 4.49 15.99 15.64 3.48 8.07 21.19 10.47 20.02 15.7 16.03 23.33 11.5 6.89 14.3 11.7 22.36 17.09 11.22 8.32 13.3 9.58 11.35 20.66 15.94 14.31 17.2 17.69 5.26 11.08 7.39 0 4.61 
20.3 23.1 12.77 18.13 22.33 26.07 14.27 22.7 9.51 14.16 18.21 18.29 13.19 26.1 18.62 16.02 16.86 8.62 8.78 19.18 18.94 4.22 12.09 24.32 6.62 24.57 20.31 15.37 26.16 14.81 6.67 12.93 13.58 26.86 15.18 10.14 4.67 17.45 7.47 15.94 23.37 19.24 17.69 21.81 22.02 8.32 15.55 4.65 4.61 0 
11.67 11.83 4.59 4 3.37 22.03 12.52 10.4 27.77 15.96 13.81 17.1 8.06 18.95 19.23 16.17 29.11 15.03 2.34 2.06 23.5 9.2 5.64 21.5 19.7 14.04 17.89 8.89 13.73 23.18 28.24 31.82 24.97 24.77 27.43 15.13 5.69 24.61 14.49 10.62 3.38 4.98 8.31 24.78 10.28 8.48 21.59 16.53 10.38 17.48 17.16 31.52 17.69 19.65 29.76 10.44 44.99 28.06 6.94 16.15 32.04 4.73 32.48 9.51 26.29 10.12 20.1 29.71 22.28 16.2 32.76 42.53 3.4 4.51 16.3 30.83 11.7 12.99 37.92 16.61 3.85 46.43 30.69 21.48 17.22 24.54 6.95 31.71 18.52 17.04 3.53 1.84 17.12 9.72 14.34 18.16 13.42 7.3 13.46 11.84 18.35 11.3 6.31 23.66 17.36 10.75 20.07 17.66 9.22 27.04 4.19 24.81 4.04 12.34 10.28 16.03 1.87 16.22 15.93 15.6 11.74 21.87 9.92 7.84 13.81 16.69 15.33 21.5 9.85 22.17 7.48 3.52 16.94 8.67 16.46 5.57 9.8 10.15 7.75 9.26 8.37 10.64 6.86 7.58 10.19 15.05 19.95 6.77 13.67 33.23 14.22 13.43 25.1 14 11.53 34.87 7.32 16.91 11.2 8.09 10.78 24.67 8.56 8.85 15.76 8.29 4.16 18.19 9.08 22.56 25.63 14.85 16.65 14.46 33.26 34.57 18.58 1.9 12.63 6.46 12.72 9.02 3.74 3.95 17.82 17.94 8.92 21.46 10.58 11.09 3.46 21.47 6.82 24.47 13.04 10.93 21.4 20.89 6.63 16.05 12.63 18.44 32.4 17.99 3.99 4.6 25.75 6.68 1.62 30.55 19.57 15.02 16.58 6.75 12.47 23.22 26.91 20.16 31.92 18.93 17.66 24.46 7.91 24.26 14.86 2 2.21 3.91 18.19 12.92 23.93 17.32 25.31 14.91 22.38 10.29 5 12.47 33.8 13.34 23.86 27.72 3.56 28 26.67 23.59 21.3 17.09 4.88 5.44 23.01 14.06 3.7 35.24 24.41 9.63 19.36 2.66 39.24 41.12 28.41 27.27 18.7 25.18 42.28 28.32 14.4 32.62 18.35 5.22 6.22 7.02 8.46 24.19 29.17 11.44 13.47 22.2 38.67 9.63 21.62 5.9 5.47 32.42 36.44 11.69 15.78 11.38 19.97 33.41 18.67 15.95 14 15.28 19.03 20.49 9.71 26.9 33.36 1.85 12.74 29.09 21.8 5.53 15.28 41.7 4.97 28.29 8.36 14.52 6.96 20.36 12.98 11.49 16.16 32.45 36.4 28.63 17.4 6.55 12.02 18.39 29.75 25.21 8.03 28.57 31.66 2.89 32.31 18.77 11.38 18.04 13.36 4.12 4.16 25.78 7.16 3.3 17.73 35.26 20.64 13.68 5.35 18 31.59 16.29 39.08 23.89 15.71 35.51 16.64 13.77 23.16 26.16 0.63 7.72 5.74 22.31 36.51 13.37 28.76 19.73 15.81 19.35 12.35 11.26 10.81 4.78 29.13 12.23 18.73 11.85 5.44 4.58 16.9 26.34 6.05 6.56 32.96 23.73 12.59 10.06 24.58 32.95 5.74 3.18 20.97 7.1 14.39 29.32 6.73 10.49 15.28 9.91 5.68 29.35 17.75 11.26 17.37 14.57 0.72 3.8 12.25 5.87 9.45 8.11 24.85 37.1 13.52 15.47 3.82 24.43 28.06 15.03 17.39 9.42 14.88 20.21 26.31 12.15 24.37 22.85 2.55 13.04 19.55 18.51 2.47 24.05 50.18 1.19 29 9.11 13.5 9.78 21.44 22.85 21.26 16.5 37.51 34.82 22.14 25.82 12.47 11.21 13.07 16.01 24.11 14.67 12.11 15.25 21.69 24.21 14.68 4.94 14.07 19.32 12.13 14.67 14.55 40.88 19.36 6.38 11.8 18.45 13.21 10.25 21.82 39.03 7.01 26.84 9.51 9.67 15.92 16.3 10.99 6.83 10.22 12.45 25.45 23.19 13 14.2 11.5 26.75 14.87 12.18 1.25 35.52 2.01 12.38 8.87 20.95 12.63 20.11 11 30.62 25.43 8.31 7.08 28.1 14.18 9.49 11.45 18.33 7.94 9.34 35.66 23.28 25.26 7.46 15.08 5.1 23.93 23.64 19.64 6.36 3.63 5.45 2.36 21.92 12.52 14.18 42.62 8.19 27.26 17.02 5.9 7.43 33.05 18.44 13.12 11.91 42.86 19.61 21.32 21.59 29.11 20.96 5.21 9.75 13.06 0.27 23.99 16.73 10.68 13.22 19.34 21.45 10.16 20.38 31.99 21.98 25.17 20.27 4.11 10.83 15.98 10.11 12.54 24.64 30.14 31.15 33.46 22.16 9.77 10.53 22.75 16.1 1.92 21.32 28.71 26.85 14.71 1.07 33.33 36.82 11.96 31.95 23.02 15.05 38.62 19.32 6.48 18.13 18.98 3.76 9.09 8.48 10.9 32.01 31.59 11.4 20.83 31.98 29.15 17.78 1.49 26.23 14.19 16.76 13.82 18.76 13.86 26.04 28.8 8.41 2.25 23.63 25.63 4.38 22.08 34.72 9.67 7.24 31.77 16.72 12.33 11.54 23.85 1.94 28.27 19.29 13.39 3.54 4.5 13.73 4.21 16.68 12.15 10.31 37.58 20.64 29.04 25.18 10.7 28.74 26.34 24.78 10.42 29.74 30.28 7.47 28.7 34.35 19.9 3.85 36.85 37.72 1.86 16.01 7.55 16.46 9.88 30.78 18.91 27.9 20.45 31.89 31.49 25.21 30.12 8.38 27.11 9.93 10.06 14.08 10.98 10.66 18.95 6.3 11.11 16.69 5.27 5.73 20.24 13.32 11.42 9.01 16.34 6.87 10.7 20.17 19.39 26.72 12.67 16.41 1.98 22.86 21.15 19.59 7.8 7.29 15.02 2.17 13.85 11.39 25.17 17.71 29.76 14.6 6.39 24.67 25.79 11.94 28.68 17.41 28.27 24.33 6.71 2.86 12.91 10.19 17.64 23.16 1.27 14.43 22.08 8.6 24.05 20.87 15.08 15.04 21.82 30.32 4.86 22.98 19.65 8.19 9.37 17.28 7.32 7.05 1.85 14.92 12.01 14.67 11.66 16.91 12.06 12.89 13.58 19.86 9.7 15.66 14.98 20.18 9.07 11.64 16.36 9.67 19.65 11.53 12.61 16.55 19.24 4.88 5.46 13.96 3.32 8.94 0.48 22.24 11.67 5.88 29.62 19.71 18.05 15.14 7.74 21.85 23.8 11.33 16.89 24.94 23 19.18 22.8 8.07 11.54 7.54 3.24 0.57 0.93 21.54 12.21 24.92 22.18 18.95 15.2 21.57 17.7 4 7.12 23.96 21.35 15.02 14.32 12 24.32 23.61 14.11 22.74 17.77 20.86 17.6 12.98 4.55 24.02 10.49 5.23 0.43 1.26 13.44 17.02 14.03 16.43 24.58 8.53 20.39 16.49 16.55 11.81 21.55 15.86 20.37 19.08 13.44 4.61 13.14 12.52 23.92 22.2 11.11 6.65 15.16 14.55 6.61 13.89 14.33 13.83 24.3 11.45 2.43 14.37 11.61 3.63 3.22 18.23 13.88 16.38 14.61 16.9 21.42 17.07 20.69 19.77 17.25 10.79 26.26 12.12 15.5 5.76 12.77 8.48 16.93 6.91 4.39 10 15.46 11.17 6.01 14.09 6.18 17.76 28.36 29.87 21.01 24.35 2.42 31.84 21.4 28.46 30.43 19.26 22.39 31.76 28.26 13.42 31.77 18.68 2.69 7.75 4 14.13 15.19 24.23 25.65 23.94 20.14 18.88 44.67 21 9.65 36.06 18.54 12.11 4.97 25.97 18.77 11.68 12.9 2.47 27.74 3.58 23.23 20.7 25.81 25.75 17.59 29.64 18.94 16.92 2.14 7.53 9.06 5.97 32.52 16.5 14.09 18.16 36.6 11.62 1.85 35.4 22.23 20.68 9.05 29.46 8.3 23.24 13.79 21.79 4.46 5.19 21.98 8.14 32.68 20.57 25.27 15.28 16.69 13.4 15.06 28.42 10.74 6.41 33.13 23.37 19.02 10.42 33.97 4.44 23.36 19.08 12.25 2.15 7.36 16.66 5.05 28.31 12.51 23.95 12.42 23.93 29.9 1.89 22.69 24.24 2.61 15.19 11.75 15.35 10 34.48 13.14 11.52 11.7 16.52 34.02 23.82 23.69 7.15 17.51 13.39 16.7 21.35 22.66 36.6 28.88 21.78 49.71 16.81 14.34 22.38 17.51 2.69 8.26 5.36 15.05 25.3 21.45 30.7 26.97 33.83 18.33 9.16 22.49 4.78 20.88 16.63 11.03 28.41 19.02 18.62 7.64 38.9 21.65 10.1 18.71 8.25 7.54 6.88 20.54 7.59 20.99 21.27 8.12 17.54 21.81 6.51 14.18 13.62 14.8 8.45 27.71 31.04 16.05 29.08 13.13 2.67 15.8 6.84 5.13 4.19 36.96 24.77 4.15 23.89 8.79 25.57 3.57 18.93 17.04 10.25 14.55 35.16 21.84 12.43 21.03 8.61 21.25 17.4 22.37 17.59 7.23 19.15 13.66 21.74 17.76 17.55 16.52 14.88 25.15 15.52 8.34 7.52 24.43 16.93 19.14 19.78 35.64 39.07 17.93 21.7 8.02 16.45 10.74 22.08 3.8 7.23 22.93 13.41 39.94 13.15 15 20.23 6.78 23.33 5.4 36.47 18.79 10.48 12.48 32.85 27.62 21.2 17.06 12.05 17.37 10.93 8.75 31.03 26.04 15.04 21.86 18.29 28.43 34.49 21.35 8.94 15.87 17.65 15.02 10.18 18.42 4.51 25.14 20.69 14.52 25.46 27.42 23.73 18.96 16.88 1.79 9.32 3.59 10.46 4.6 12.59 5.72 3.64 8.46 18.17 19.87 9.99 10.2 19.12 24.21 16.23 19.52 10.03 21.98 25.69 35.03 11.74 21.94 1.83 5.54 7.76 27.59 18.14 17.77 8.94 10.38 6.53 1.24 26.85 10.88 14.62 6.71 8.36 26.73 34.16 20.85 15.65 27.42 28.65 14.62 1.94 17.34 23.69 10.99 12.27 15.85 15.35 10.28 18.73 21.47 15.34 15.98 13.8 19.45 11.46 5.03 8.72 4.87 12.8 15.39 31.1 9.58 9.1 30.81 24.37 16.79 5.6 16.92 3.37 10.19 17.72 12.37 8.97 5.96 6.23 6.48 
1.6 2.25 1.83 1.14 1.5 2.69 2.55 1.99 1.11 1.33 1.8 1.93 2.76 2.21 2.77 2.93 1.18 1.6 2.13 2.19 2.92 1.96 2.5 1.37 2.66 2.77 2.67 2.77 2.38 2.05 1.16 2.19 2.96 2.47 2.7 2.57 1.07 2.38 2.66 2.37 2.02 1.68 1.04 2.49 2.23 2.13 2.96 2.55 1.74 2.71 1.51 1.04 2.04 1.59 2.02 1.09 2.04 2.87 2.61 2.23 1.48 1.9 1.61 1.54 2.45 2.01 1.67 1.12 2.07 2.86 2.81 2.5 1.83 2.67 2.14 1.79 1.53 2.47 2.03 1.39 2.21 1.49 1.58 2.91 1.62 1.02 2.49 2.18 2.52 1.23 1.51 1.62 1.88 2.59 2.17 1.1 2.36 2.18 2.8 1.29 1.28 2.76 1.54 2.39 1.64 2.32 1.87 1 2.2 2.68 1.22 2.18 2.43 2.7 2.03 1.76 1.92 2.41 1.78 2.06 2.76 1.47 1.56 1.8 2.47 2.98 1.56 2.98 2.13 1.37 1.2 2.57 2.51 1.9 2.21 2.86 1.64 1.8 2.09 2.49 2.8 1.2 2.71 2.48 1.3 2.25 1.41 2.62 2.19 2.98 2.92 1.11 2.26 2.21 2.14 2.4 1.37 1.03 1.43 2.32 2.1 2.94 2.88 1.53 2.42 2.97 1.28 1.8 2.87 1.2 1.59 1.47 2.75 1.56 1.65 2.95 2.75 2.88 1.21 1.53 2.68 2.92 1.78 2.71 1.78 1 1.51 2.31 1.48 1.77 2.52 1.35 1.64 1.15 2.96 1.66 2.78 1.61 2.18 2.2 1.51 1.55 2.17 2.26 2.51 2.22 2.27 1.31 1.52 2.52 2.01 1.52 2.64 1.46 1.3 1.32 2.82 2.48 1.03 1.29 2.87 1.11 2.44 1.2 1.16 1.43 1.43 1.51 2.4 2.58 1.31 1.91 2.68 2.98 2.66 2.12 1.71 2.55 1.69 2.15 1.61 2.01 1.41 2.67 2.31 2.85 1.41 2.34 2.08 2.18 2.97 2.09 2.48 2.08 1.95 2.01 1.98 2.02 1.33 2.65 2.94 1.63 2.14 1.79 2.45 2.59 2.86 1.31 2.73 1.13 2.19 1.17 1.79 1.07 1.91 1.88 2.91 2.26 1.07 2.13 1.16 2.69 2.65 2.53 2.28 2.64 2.67 2.91 2.49 2.36 2.82 1.56 1.16 1.45 1.13 1.82 1.96 2.49 1.61 1.16 1.12 1.31 2.84 3 1.97 2.72 1.12 1.3 2.72 1.89 2.24 2.11 2.7 1.66 2.35 1.32 1.36 1.64 1.33 2.06 2.11 2.7 2.9 1.73 2.85 1.75 1.66 2.85 1.41 1.67 2.67 1.9 1.36 1.7 1.89 1.29 1.03 2.64 1.58 1.94 2.97 1.01 1.76 2.68 2.31 1.61 1.41 2.33 1.65 1.17 1.57 2.63 1.1 2.46 1.62 1.75 2.75 1.27 2.19 2.83 1.8 2.3 2.81 2.81 2.93 1.64 2.54 2.69 2.86 1.75 2.8 1.77 1.93 1.79 1.63 1.22 2.57 2.21 2.17 2.24 2.15 2.15 2.13 2.76 2.93 1.93 2.07 1.15 2.57 1.66 2.12 2.6 1.31 1.48 1.93 2.18 2.38 1.61 2.95 2.85 2.26 1.88 1.46 1.82 2.78 1.53 2.77 2.21 1.12 1.98 1.9 2.92 2.86 2.59 2.64 1.61 1.95 2.42 2.25 2.43 1.03 1.72 1.93 2.1 1.08 1.29 2.84 1.31 1.14 1.14 2.24 2.43 1.15 1.9 2.98 2.2 1.84 2.34 1.1 2.99 2.63 2.56 2.88 1.02 2.79 1.34 1.83 1.36 1.47 2.35 1.26 1.09 1.96 1.05 1.03 2.22 1.21 2.77 1.26 2.45 1.73 2.71 2.68 1.06 2.43 1.55 1.99 1.84 2.35 1.43 1.62 1.95 2.64 2.49 2.45 2.49 1.96 2.45 1.33 1.08 1.95 2.99 1.19 1.71 2.1 2.51 1.9 2.89 2.85 2.03 2.05 2.82 1.68 1.65 1.44 1.47 1.95 1.77 2.06 2.82 2.53 1.12 2.15 2.51 1.87 1.41 2.93 1.94 1.3 2.92 1.9 1.01 2.72 2.77 1.03 1.79 1.12 1.72 1.88 2.95 2.02 2.2 1.04 2.82 1.43 2.54 2.71 1.22 2.55 2.38 1.73 2.15 1.59 2.52 1.7 1.09 1.85 1.87 1.65 1.26 2.86 2.62 1.14 2.24 2.11 2.9 2.9 1.88 1.81 1.4 1.5 2.39 1.97 1.36 1.04 1.64 2.49 2.86 1.59 2.98 2.13 2.18 2.55 1.85 1.84 1.93 2.23 1.07 1.26 1.44 2.85 1.17 1.6 2.61 1.76 2.98 1.55 1.85 1.81 1.5 1.94 1.31 2.13 2.04 2.75 2.55 1.79 1.58 1.39 2.98 2.41 2.46 1.53 1.08 1.06 2.96 2.52 2.49 2.58 2.89 1.69 2.78 1.85 1.46 1.51 2.77 1.47 2.33 1.4 2.86 1.87 1.16 2.21 2.12 2.22 1.86 1.49 1.93 2.17 1.97 1.64 2.39 2.2 2.24 2.68 1.84 2.9 1.53 1.83 2.47 2.76 1.9 1.75 1.41 3 2.96 1.64 2.06 2.94 2.5 1.02 2.32 2.06 2.37 2.41 1.55 1.2 2.72 2.29 2.53 1.93 2.96 1.67 1.62 1.25 2.04 2.39 2.32 2.51 2.56 1.04 1.06 1.67 2.55 1.09 1.98 1.61 1.33 1.94 2.56 1.85 2.55 2.82 1.57 2.56 1.68 1.22 2.34 1.53 2.46 2.35 2.44 1.92 1.98 2.99 2.06 2.68 2.47 2.58 1.41 1.58 2.09 2.43 2.47 1.27 2.19 2.32 2.09 1.97 1.46 1.42 1.11 2.89 2.75 2.1 2.94 2.31 2.68 2.44 2.19 2.62 2.11 1.69 2.81 1.98 1.17 2.13 2.27 2.72 1.15 2.09 2.86 2.55 1.11 1.21 1.95 2.47 1.26 1.08 2.26 1.37 1.09 2.11 1.76 1.71 2.12 1.28 1.73 1.4 1.78 2.85 1.79 2.9 1.48 1.52 1.69 2.85 1.9 2.6 1.6 2.52 2.82 2.77 1.63 1.06 1.7 1.63 1.67 1.19 1.19 2 2.09 2.18 2.98 2.98 1.41 1.05 2.96 1.72 2.37 2.92 2.59 2.09 2.92 1.81 1.49 1.87 2.16 2.37 2.38 2.83 2.57 2.32 1.02 1.51 1.46 1.62 2.88 2.95 2.85 2.37 2.31 2.67 2.21 1.63 2.92 1.96 2.09 2.56 2.29 1.79 2.13 2.91 1.63 3 2.24 1.75 2.09 1.95 2.33 1.29 1.96 2.37 2.66 1.22 2.54 2.23 1.2 1.79 2.65 1.39 1.72 1.98 2.07 1.69 2.23 2.05 1.68 2.15 2.7 2.91 2.34 2.84 1.38 2.44 2.39 1.32 1.47 2.25 2.1 1.83 1.28 1.56 2.88 1.67 2.29 1.43 2.94 1.76 2.77 2.15 2.01 2.2 1.47 2.96 2.83 2.72 2.67 2.78 1.04 1.51 1.26 1.82 2.26 1.31 1.4 1.51 1.41 1.74 1.35 1.65 1.52 2.67 1.1 1.86 2.44 2.28 1 2.19 2.89 1.95 2.95 2.26 1.05 1.64 2.41 1.17 2.07 2.36 1.12 2.09 1.84 1 2.71 1.96 2.15 2.46 2.65 1.3 2.22 2 1.6 1.4 1.14 2.54 2.91 2.04 2.87 2.68 1.18 1.63 2.01 1.7 1.56 2.72 2.79 2.99 1.64 1.6 2.11 2.21 2.23 1.37 1.75 2.63 3 2.99 1.17 2.76 2.35 1.77 1.4 2.93 2.85 1.99 2.96 2.56 2.73 2.9 1.46 2.37 2.31 2.97 1.01 2.93 1.42 2.97 1.25 2.43 1.37 2.19 2.41 2.95 1.59 2.8 1.59 1.45 1.08 1.64 1.55 1.59 2.93 1.97 2.39 2.23 2.95 2.8 1.84 2.95 1.69 2.32 2.51 1.8 2.9 2.34 1.53 2.39 2.48 1.66 1.45 1.21 2.93 1.83 1.33 2.2 1.73 1.81 1.16 1.42 2.96 1.55 2.36 1.19 1.65 2.02 1.78 2.63 2.5 2.27 1.68 2.71 1.93 2.95 1.26 2.52 2.35 2.95 2.18 2.02 1.49 2.31 1.37 1.65 2.45 2.44 2.32 2.54 2.25 2.62 1.21 1.49 1.62 1.41 1.78 1.05 2.89 2.95 1.03 1.87 1.24 1.85 1.42 1.97 2.46 2.78 2.05 2.96 1.17 2.99 2.68 2.7 2.34 1.55 2.12 2.96 1.12 1.07 1.74 1.56 1.82 2.58 1.55 1.74 2.95 2.96 1 1.56 2.01 2.83 2.77 2.74 1.94 1.92 2.91 1.95 1.37 2.51 2.12 2.72 2.82 1.63 1.63 2.33 1.79 2.84 1.7 1.34 1.24 1.51 1.01 1.98 1.96 2.01 2.89 1.1 2.01 2.77 2.1 1.99 1.29 2.71 2.4 2.99 2.29 2.04 1.05 2.72 1.82 1.93 1.75 2.2 1.69 1.12 2.68 1.7 1.74 2.77 1.08 2.05 1.99 2.84 2.53 1.33 1.22 2.19 1.11 1.6 2.67 2.63 2.32 2.75 2.16 2.63 2.56 1.27 2.99 2.48 1.78 1.32 1.86 1.93 2.21 2.95 1.39 2.52 2.53 2.69 1.07 2.96 2.4 1.4 1.54 2.83 1.7 2.29 1.28 1.45 2.9 2.19 1.99 1.16 1.71 1.24 2.87 1.67 2.74 1.42 1.73 2.79 2 2 2.61 2.26 1.81 1.44 2.3 2.14 2.81 2.26 1.56 1.92 2.57 2.57 1.19 2.55 2.92 2.49 2.72 1.08 2.07 2.98 1.84 2.12 1.5 1.83 2.8 1.92 1.47 2.21 1.25 1.39 1.56 1.81 2.08 1.76 1.76 1.19 1.84 1.06 2.12 2.18 2.01 1.19 1.7 1.83 1.03 1.84 1.63 2.46 1.05 1.4 1.4 2.81 1.25 2.08 1.78 1.83 2.32 2.37 2.24 1.26 1.29 1.66 1.44 2.93 
