50 1225
4.19 7.65 11.92
37109.6
51 90 82 45 82 73 19 48 1 88 17 27 20 12 42 26 30 14 17 89 5 99 95 96 1 41 91 13 12 32 35 30 58 70 79 81 11 83 18 69 2 57 27 72 42 31 78 78 62 73 
0 23.22 25.29 1.42 14.44 29.03 31.99 28.63 1.42 22.67 15.52 23.17 21.94 11.87 17.51 15.58 22.63 11.65 15.94 32.11 20.05 13.47 8.96 16.34 2.83 26.81 29.24 28.45 20.31 23.11 22.76 17.45 27.81 9.33 31.92 10.88 19.46 15.82 8.86 10.4 15.13 19.02 9.63 21.28 3.18 24.23 18.66 16.62 13.8 18.19 
23.22 0 6.73 22.11 22.47 7.22 20.61 19.77 21.8 3.62 15.9 8.13 5.05 12.2 11.76 21.68 17.67 13.93 18.63 19.18 17.26 12.1 14.87 22.93 20.76 3.78 9.04 9.3 24.43 8.17 5.23 6.72 10.35 24.38 21.58 20.19 24.56 18.47 15.36 16.04 22.51 5.01 21.56 24.31 22.01 12.36 17.05 11.6 14.58 23.29 
25.29 6.73 0 24.46 20.37 12.15 13.95 13.48 23.95 10.34 13.65 2.99 3.54 13.42 9.39 19.19 12.72 18.46 16.01 12.46 13.17 12.11 16.34 20.27 22.54 8.22 3.95 3.3 20.73 3.07 11.96 8.08 3.7 28.58 14.98 19.24 21.12 15.9 16.52 20.47 20.2 6.93 25.98 20.33 24.89 6.52 13.47 9.82 13.36 20.1 
1.42 22.11 24.46 0 14.92 27.79 31.73 28.45 0.84 21.44 15.36 22.46 21.06 11.08 17.02 15.95 22.51 10.26 16.02 31.75 19.96 12.85 8.22 16.8 2.61 25.67 28.4 27.67 20.74 22.4 21.48 16.53 27.11 8.44 31.72 11.17 19.93 15.89 8.24 8.98 15.58 18.05 8.43 21.67 2.01 23.73 18.57 16.1 13.48 18.61 
14.44 22.47 20.37 14.92 0 29.68 20.55 16.79 14.08 24.16 6.77 17.4 18.41 12.02 11.12 1.6 11.01 19.5 4.44 21.39 8.69 10.82 11.38 1.9 12.43 26.1 23.79 22.53 5.87 17.33 25.16 15.92 21.03 23.22 20.02 4.02 5.02 4.52 10.58 19.86 0.7 17.51 22.46 6.89 16.77 15.79 7.62 10.99 7.94 3.77 
29.03 7.22 12.15 27.79 29.68 0 25.67 25.61 27.62 6.36 23.12 14.51 11.92 18.95 18.95 28.9 24.44 18.3 25.85 23.91 24.28 19.16 21.37 30.15 26.85 3.98 12.28 13.26 31.58 14.56 6.48 13.82 14.99 28.33 26.83 27.26 31.74 25.69 21.96 20.29 29.73 12.17 25.39 31.41 27.32 18.58 24.17 18.82 21.76 30.49 
31.99 20.61 13.95 31.73 20.55 25.67 0 3.78 30.98 24.18 16.52 12.87 16.15 21.76 15.11 18.94 9.69 29.53 16.85 2.11 12.26 19.47 24.02 19.24 29.22 21.93 13.59 12.45 16.95 12.86 25.8 19.05 10.69 38.21 1.4 22.12 17.89 16.89 23.73 31.19 19.98 18.96 36.16 15.91 32.91 9.13 13.62 16.1 18.25 17.86 
28.63 19.77 13.48 28.45 16.79 25.61 3.78 0 27.68 23.2 13.12 11.66 14.92 18.95 12.34 15.19 6.07 27.09 13.2 5.09 8.67 16.61 20.99 15.46 25.9 21.7 14.2 12.88 13.23 11.63 24.79 17.04 10.92 35.26 3.31 18.51 14.15 13.26 20.63 28.61 16.22 17.27 33.36 12.22 29.73 7.47 10.06 13.32 15.03 14.08 
1.42 21.8 23.95 0.84 14.08 27.62 30.98 27.68 0 21.26 14.58 21.88 20.58 10.54 16.34 15.11 21.73 10.37 15.2 31.04 19.17 12.22 7.65 15.96 1.8 25.39 27.9 27.13 19.91 21.83 21.36 16.08 26.53 9.24 30.96 10.33 19.1 15.07 7.61 9.24 14.75 17.63 9.1 20.83 2.77 23.06 17.78 15.43 12.75 17.78 
22.67 3.62 10.34 21.44 24.16 6.36 24.18 23.2 21.26 0 17.92 11.54 8.3 12.85 14.11 23.56 20.66 12.18 20.68 22.78 19.94 13.39 15.11 24.86 20.49 4.94 12.49 12.85 26.77 11.57 1.62 8.32 13.96 22.48 25.12 21.4 26.8 20.51 15.74 14.24 24.29 6.96 19.57 26.78 21.02 15.74 19.55 13.74 16.23 25.44 
15.52 15.9 13.65 15.36 6.77 23.12 16.52 13.12 14.58 17.92 0 10.72 11.66 7.41 4.35 5.79 7.16 15.96 2.76 16.8 4.65 5.34 8.46 7.03 12.79 19.45 17.19 15.98 9.03 10.64 19.08 9.6 14.63 22.57 16.41 6.07 8.92 2.59 7.91 16.98 6.69 11.05 21 9.27 16.73 9.74 3.31 4.31 2.44 7.53 
23.17 8.13 2.99 22.46 17.4 14.51 12.87 11.66 21.88 11.54 10.72 0 3.3 11.38 6.54 16.21 9.98 17.55 13.03 11.75 10.23 9.75 14.24 17.28 20.37 10.53 6.53 5.45 17.78 0.07 13.13 6.78 4.66 27.26 13.69 16.43 18.15 12.92 14.31 19.44 17.22 6.24 24.82 17.41 23.07 4.23 10.48 7.09 10.62 17.11 
21.94 5.05 3.54 21.06 18.41 11.92 16.15 14.92 20.58 8.3 11.66 3.3 0 10.11 7.32 17.42 12.64 14.96 14.28 14.96 12.37 9.08 13.02 18.61 19.23 8.02 7.38 6.84 19.72 3.32 9.87 4.57 6.95 25.04 16.99 16.73 19.94 14.14 13.28 16.96 18.35 3.41 22.46 19.51 21.42 7.45 12.3 7.45 10.85 18.75 
11.87 12.2 13.42 11.08 12.02 18.95 21.76 18.95 10.54 12.85 7.41 11.38 10.11 0 6.65 11.86 13.67 8.59 9.72 21.43 11.58 2.36 2.92 13.17 9.13 15.97 17.37 16.59 16.09 11.33 13.57 5.76 16.04 16.48 22.01 8.72 15.77 9.53 3.22 9.8 12.32 7.45 14.43 16.51 11.72 13.09 10.45 5.66 4.99 14.28 
17.51 11.76 9.39 17.02 11.12 18.95 15.11 12.34 16.34 14.11 4.35 6.54 7.32 6.65 0 10.1 7.49 14.81 6.96 14.86 6.03 4.37 8.99 11.3 14.68 15.2 13.07 11.95 12.7 6.47 15.41 5.99 10.81 23.1 15.37 9.89 12.81 6.82 8.8 16.28 11.03 7.14 21.07 12.68 17.99 6.72 5.45 0.99 4.13 11.54 
15.58 21.68 19.19 15.95 1.6 28.9 18.94 15.19 15.11 23.56 5.79 16.21 17.42 11.86 10.1 0 9.42 19.74 3.18 19.8 7.15 10.39 11.62 1.32 13.4 25.24 22.51 21.23 4.85 16.13 24.64 15.25 19.67 24.13 18.41 4.8 4.18 3.3 10.85 20.27 1.09 16.78 23.2 5.72 17.74 14.37 6.15 10.09 7.37 2.73 
22.63 17.67 12.72 22.51 11.01 24.44 9.69 6.07 21.73 20.66 7.16 9.98 12.64 13.67 7.49 9.42 0 22.15 7.16 10.39 2.6 11.32 15.37 9.92 19.94 20.46 15.03 13.64 8.71 9.92 22.13 13.18 11.76 29.62 9.38 12.45 9.39 7.21 14.92 23.47 10.49 13.94 27.89 8.02 23.88 6.4 4 8.36 9.27 8.88 
11.65 13.93 18.46 10.26 19.5 18.3 29.53 27.09 10.37 12.18 15.96 17.55 14.96 8.59 14.81 19.74 22.15 0 18.08 28.88 20.15 10.88 8.13 20.98 10.32 16.93 22.04 21.74 24.32 17.52 11.82 10.78 21.88 10.45 29.97 15.61 23.86 17.89 8.92 2.11 19.96 11.55 7.65 24.86 9.3 20.46 19.04 13.86 13.53 22.36 
15.94 18.63 16.01 16.02 4.44 25.85 16.85 13.2 15.2 20.68 2.76 13.03 14.28 9.72 6.96 3.18 7.16 18.08 0 17.46 4.61 7.88 10.18 4.33 13.41 22.14 19.37 18.1 6.4 12.96 21.83 12.36 16.59 23.76 16.5 5.34 6.2 0.19 9.51 18.9 4.19 13.81 22.47 6.8 17.61 11.37 3.35 7.04 4.82 4.78 
32.11 19.18 12.46 31.75 21.39 23.91 2.11 5.09 31.04 22.78 16.8 11.75 14.96 21.43 14.86 19.8 10.39 28.88 17.46 0 12.85 19.22 23.85 20.22 29.31 20.25 11.72 10.66 18.25 11.75 24.4 18.22 9.01 37.9 3.51 22.62 19.14 17.49 23.62 30.62 20.87 17.96 35.73 17.27 32.83 8.43 14.14 15.83 18.31 18.97 
20.05 17.26 13.17 19.96 8.69 24.28 12.26 8.67 19.17 19.94 4.65 10.23 12.37 11.58 6.03 7.15 2.6 20.15 4.61 12.85 0 9.28 13.03 7.85 17.38 20.37 16.01 14.65 7.57 10.16 21.32 12 12.92 27.2 11.98 9.86 8.01 4.65 12.52 21.35 8.24 13.03 25.58 7.2 21.37 7.48 1.4 6.72 6.9 7.17 
13.47 12.1 12.11 12.85 10.82 19.16 19.47 16.61 12.22 13.39 5.34 9.75 9.08 2.36 4.37 10.39 11.32 10.88 7.88 19.22 9.28 0 4.68 11.7 10.65 15.85 16.04 15.13 14.28 9.69 14.35 5.38 14.37 18.74 19.7 8.11 14.06 7.69 4.61 12.15 11.01 7.1 16.75 14.59 13.7 10.96 8.2 3.39 3.07 12.6 
8.96 14.87 16.34 8.22 11.38 21.37 24.02 20.99 7.65 15.11 8.46 14.24 13.02 2.92 8.99 11.62 15.37 8.13 10.18 23.85 13.03 4.68 0 12.85 6.21 18.61 20.29 19.5 16.25 14.18 15.64 8.63 18.89 14.28 24.17 7.57 15.76 10 0.81 8.73 11.83 10.28 12.55 16.86 9.02 15.64 11.75 8.03 6.12 14.26 
16.34 22.93 20.27 16.8 1.9 30.15 19.24 15.46 15.96 24.86 7.03 17.28 18.61 13.17 11.3 1.32 9.92 20.98 4.33 20.22 7.85 11.7 12.85 0 14.29 26.47 23.51 22.21 3.97 17.2 25.94 16.54 20.59 25.07 18.62 5.77 3.14 4.48 12.07 21.46 1.22 18.06 24.24 4.99 18.64 15.22 7.01 11.34 8.68 1.88 
2.83 20.76 22.54 2.61 12.43 26.85 29.22 25.9 1.8 20.49 12.79 20.37 19.23 9.13 14.68 13.4 19.94 10.32 13.41 29.31 17.38 10.65 6.21 14.29 0 24.42 26.49 25.68 18.22 20.31 20.71 14.79 25 10.8 29.18 8.61 17.43 13.28 6.06 9.53 13.08 16.4 10.33 19.12 4.35 21.39 15.99 13.79 11 16.08 
26.81 3.78 8.22 25.67 26.1 3.98 21.93 21.7 25.39 4.94 19.45 10.53 8.02 15.97 15.2 25.24 20.46 16.93 22.14 20.25 20.37 15.85 18.61 26.47 24.42 0 8.88 9.66 27.73 10.58 6.03 10.47 11.25 27.32 23.05 23.93 27.93 21.99 19.11 19.02 26.1 8.76 24.43 27.53 25.44 14.61 20.31 15.14 18.26 26.71 
29.24 9.04 3.95 28.4 23.79 12.28 13.59 14.2 27.9 12.49 17.19 6.53 7.38 17.37 13.07 22.51 15.03 22.04 19.37 11.72 16.01 16.04 20.29 23.51 26.49 8.88 0 1.4 23.51 6.6 14.02 11.95 3.37 32.3 14.84 22.96 24.02 19.28 20.47 24.09 23.56 10.67 29.64 22.97 28.8 8.65 16.54 13.6 17.14 23.13 
28.45 9.3 3.3 27.67 22.53 13.26 12.45 12.88 27.13 12.85 15.98 5.45 6.84 16.59 11.95 21.23 13.64 21.74 18.1 10.66 14.65 15.13 19.5 22.21 25.68 9.66 1.4 0 22.14 5.52 14.43 11.37 1.99 31.88 13.66 21.83 22.66 18.02 19.63 23.76 22.28 10.23 29.28 21.59 28.15 7.27 15.22 12.53 16.05 21.79 
20.31 24.43 20.73 20.74 5.87 31.58 16.95 13.23 19.91 26.77 9.03 17.78 19.72 16.09 12.7 4.85 8.71 24.32 6.4 18.25 7.57 14.28 16.25 3.97 18.22 27.73 23.51 22.14 0 17.71 28.01 18.5 20.34 28.97 16.12 9.63 1.05 6.59 15.51 24.97 5.18 19.82 28.04 1.18 22.56 14.89 7.42 13.04 11.22 2.13 
23.11 8.17 3.07 22.4 17.33 14.56 12.86 11.63 21.83 11.57 10.64 0.07 3.32 11.33 6.47 16.13 9.92 17.52 12.96 11.75 10.16 9.69 14.18 17.2 20.31 10.58 6.6 5.52 17.71 0 13.16 6.75 4.71 27.22 13.68 16.36 18.07 12.85 14.26 19.41 17.15 6.23 24.79 17.34 23.02 4.19 10.41 7.02 10.55 17.04 
22.76 5.23 11.96 21.48 25.16 6.48 25.8 24.79 21.36 1.62 19.08 13.13 9.87 13.57 15.41 24.64 22.13 11.82 21.83 24.4 21.32 14.35 15.64 25.94 20.71 6.03 14.02 14.43 28.01 13.16 0 9.51 15.57 21.9 26.74 22.24 27.99 21.65 16.31 13.81 25.33 8.29 18.97 28.06 20.91 17.32 20.86 14.98 17.27 26.61 
17.45 6.72 8.08 16.53 15.92 13.82 19.05 17.04 16.08 8.32 9.6 6.78 4.57 5.76 5.99 15.25 13.18 10.78 12.36 18.22 12 5.38 8.63 16.54 14.79 10.47 11.95 11.37 18.5 6.75 9.51 0 11.22 20.58 19.65 13.48 18.49 12.18 8.98 12.67 16.01 1.73 18.08 18.57 16.85 9.92 11.42 5.48 7.98 17.12 
27.81 10.35 3.7 27.11 21.03 14.99 10.69 10.92 26.53 13.96 14.63 4.66 6.95 16.04 10.81 19.67 11.76 21.88 16.59 9.01 12.92 14.37 18.89 20.59 25 11.25 3.37 1.99 20.34 4.71 15.57 11.22 0 31.8 11.85 20.59 20.9 16.52 18.95 23.84 20.74 10.34 29.29 19.75 27.72 5.46 13.59 11.5 14.94 20.09 
9.33 24.38 28.58 8.44 23.22 28.33 38.21 35.26 9.24 22.48 22.57 27.26 25.04 16.48 23.1 24.13 29.62 10.45 23.76 37.9 27.2 18.74 14.28 25.07 10.8 27.32 32.3 31.88 28.97 27.22 21.9 20.58 31.8 0 38.41 19.33 28.21 23.61 14.7 8.34 23.86 21.66 2.94 29.83 6.48 29.52 25.87 22.11 20.35 26.84 
31.92 21.58 14.98 31.72 20.02 26.83 1.4 3.31 30.96 25.12 16.41 13.69 16.99 22.01 15.37 18.41 9.38 29.97 16.5 3.51 11.98 19.7 24.17 18.62 29.18 23.05 14.84 13.66 16.12 13.68 26.74 19.65 11.85 38.41 0 21.82 17.09 16.57 23.83 31.57 19.42 19.67 36.44 15.05 32.97 9.76 13.37 16.36 18.27 17.16 
10.88 20.19 19.24 11.17 4.02 27.26 22.12 18.51 10.33 21.4 6.07 16.43 16.73 8.72 9.89 4.8 12.45 15.61 5.34 22.62 9.86 8.11 7.57 5.77 8.61 23.93 22.96 21.83 9.63 16.36 22.24 13.48 20.59 19.33 21.82 0 8.9 5.26 6.76 15.88 4.6 15.18 18.47 10.51 12.94 15.81 8.51 9.42 5.9 7.5 
19.46 24.56 21.12 19.93 5.02 31.74 17.89 14.15 19.1 26.8 8.92 18.15 19.94 15.77 12.81 4.18 9.39 23.86 6.2 19.14 8.01 14.06 15.76 3.14 17.43 27.93 24.02 22.66 1.05 18.07 27.99 18.49 20.9 28.21 17.09 8.9 0 6.39 15 24.43 4.35 19.87 27.36 2.22 21.78 15.44 7.69 13.07 10.99 1.5 
15.82 18.47 15.9 15.89 4.52 25.69 16.89 13.26 15.07 20.51 2.59 12.92 14.14 9.53 6.82 3.3 7.21 17.89 0.19 17.49 4.65 7.69 10 4.48 13.28 21.99 19.28 18.02 6.59 12.85 21.65 12.18 16.52 23.61 16.57 5.26 6.39 0 9.33 18.71 4.3 13.64 22.3 6.99 17.47 11.32 3.35 6.88 4.62 4.96 
8.86 15.36 16.52 8.24 10.58 21.96 23.73 20.63 7.61 15.74 7.91 14.31 13.28 3.22 8.8 10.85 14.92 8.92 9.51 23.62 12.52 4.61 0.81 12.07 6.06 19.11 20.47 19.63 15.51 14.26 16.31 8.98 18.95 14.7 23.83 6.76 15 9.33 0 9.46 11.04 10.67 13.09 16.14 9.21 15.5 11.21 7.86 5.65 13.5 
10.4 16.04 20.47 8.98 19.86 20.29 31.19 28.61 9.24 14.24 16.98 19.44 16.96 9.8 16.28 20.27 23.47 2.11 18.9 30.62 21.35 12.15 8.73 21.46 9.53 19.02 24.09 23.76 24.97 19.41 13.81 12.67 23.84 8.34 31.57 15.88 24.43 18.71 9.46 0 20.37 13.54 5.56 25.59 7.74 22.19 20.17 15.31 14.55 22.94 
15.13 22.51 20.2 15.58 0.7 29.73 19.98 16.22 14.75 24.29 6.69 17.22 18.35 12.32 11.03 1.09 10.49 19.96 4.19 20.87 8.24 11.01 11.83 1.22 13.08 26.1 23.56 22.28 5.18 17.15 25.33 16.01 20.74 23.86 19.42 4.6 4.35 4.3 11.04 20.37 0 17.58 23.06 6.19 17.43 15.45 7.24 10.97 8.06 3.08 
19.02 5.01 6.93 18.05 17.51 12.17 18.96 17.27 17.63 6.96 11.05 6.24 3.41 7.45 7.14 16.78 13.94 11.55 13.81 17.96 13.03 7.1 10.28 18.06 16.4 8.76 10.67 10.23 19.82 6.23 8.29 1.73 10.34 21.66 19.67 15.18 19.87 13.64 10.67 13.54 17.58 0 19.05 19.82 18.26 9.91 12.59 6.8 9.59 18.53 
9.63 21.56 25.98 8.43 22.46 25.39 36.16 33.36 9.1 19.57 21 24.82 22.46 14.43 21.07 23.2 27.89 7.65 22.47 35.73 25.58 16.75 12.55 24.24 10.33 24.43 29.64 29.28 28.04 24.79 18.97 18.08 29.29 2.94 36.44 18.47 27.36 22.3 13.09 5.56 23.06 19.05 0 28.83 6.46 27.31 24.29 20.09 18.68 25.93 
21.28 24.31 20.33 21.67 6.89 31.41 15.91 12.22 20.83 26.78 9.27 17.41 19.51 16.51 12.68 5.72 8.02 24.86 6.8 17.27 7.2 14.59 16.86 4.99 19.12 27.53 22.97 21.59 1.18 17.34 28.06 18.57 19.75 29.83 15.05 10.51 2.22 6.99 16.14 25.59 6.19 19.82 28.83 0 23.46 14.32 7.27 13.09 11.57 3.11 
3.18 22.01 24.89 2.01 16.77 27.32 32.91 29.73 2.77 21.02 16.73 23.07 21.42 11.72 17.99 17.74 23.88 9.3 17.61 32.83 21.37 13.7 9.02 18.64 4.35 25.44 28.8 28.15 22.56 23.02 20.91 16.85 27.72 6.48 32.97 12.94 21.78 17.47 9.21 7.74 17.43 18.26 6.46 23.46 0 24.66 20 17.04 14.71 20.43 
24.23 12.36 6.52 23.73 15.79 18.58 9.13 7.47 23.06 15.74 9.74 4.23 7.45 13.09 6.72 14.37 6.4 20.46 11.37 8.43 7.48 10.96 15.64 15.22 21.39 14.61 8.65 7.27 14.89 4.19 17.32 9.92 5.46 29.52 9.76 15.81 15.44 11.32 15.5 22.19 15.45 9.91 27.31 14.32 24.66 0 8.23 7.64 10.61 14.64 
18.66 17.05 13.47 18.57 7.62 24.17 13.62 10.06 17.78 19.55 3.31 10.48 12.3 10.45 5.45 6.15 4 19.04 3.35 14.14 1.4 8.2 11.75 7.01 15.99 20.31 16.54 15.22 7.42 10.41 20.86 11.42 13.59 25.87 13.37 8.51 7.69 3.35 11.21 20.17 7.24 12.59 24.29 7.27 20 8.23 0 5.98 5.64 6.63 
16.62 11.6 9.82 16.1 10.99 18.82 16.1 13.32 15.43 13.74 4.31 7.09 7.45 5.66 0.99 10.09 8.36 13.86 7.04 15.83 6.72 3.39 8.03 11.34 13.79 15.14 13.6 12.53 13.04 7.02 14.98 5.48 11.5 22.11 16.36 9.42 13.07 6.88 7.86 15.31 10.97 6.8 20.09 13.09 17.04 7.64 5.98 0 3.54 11.73 
13.8 14.58 13.36 13.48 7.94 21.76 18.25 15.03 12.75 16.23 2.44 10.62 10.85 4.99 4.13 7.37 9.27 13.53 4.82 18.31 6.9 3.07 6.12 8.68 11 18.26 17.14 16.05 11.22 10.55 17.27 7.98 14.94 20.35 18.27 5.9 10.99 4.62 5.65 14.55 8.06 9.59 18.68 11.57 14.71 10.61 5.64 3.54 0 9.53 
18.19 23.29 20.1 18.61 3.77 30.49 17.86 14.08 17.78 25.44 7.53 17.11 18.75 14.28 11.54 2.73 8.88 22.36 4.78 18.97 7.17 12.6 14.26 1.88 16.08 26.71 23.13 21.79 2.13 17.04 26.61 17.12 20.09 26.84 17.16 7.5 1.5 4.96 13.5 22.94 3.08 18.53 25.93 3.11 20.43 14.64 6.63 11.73 9.53 0 
33.94 25.49 1.44 9.95 36.2 42.5 29.01 1.62 16.17 10.33 15.18 28.99 6.02 12.7 19.22 30.78 16.58 12.46 45.46 20.47 15.33 11.86 17.07 2.55 28.96 24.08 30.31 15.35 32.63 14.36 10.02 27.04 10.69 31.73 10.86 22.11 21.87 10.65 14.45 11.27 12.83 8.27 18.29 3.31 12.44 23.68 18.65 13.29 17.17 6.51 25.94 27.8 9.39 28 21.59 12.58 3.89 23.6 7.84 5.13 10.98 10.86 20.28 24.19 9.23 15.05 26.56 13.95 9.04 14.37 28.14 11.93 5.27 10.83 12.45 19.79 9.71 3.46 7.44 5.29 16.53 30.22 22.34 15.06 20.4 15.1 14.47 26.98 6.37 27.47 23.61 18.18 6.56 22.65 8.78 14.43 20.91 34.55 17.18 8.5 17.97 15.44 30.05 12.3 12.02 2.31 3.13 10.08 5.69 10.62 13.24 12.67 12.18 16.11 14.9 16.87 12.17 19.72 32.77 4.69 3.66 1.75 23.37 1.7 7.49 6.03 4.23 21.87 18.52 24.45 11.38 20.73 24 15.66 14.14 4.48 16.73 23.75 19.55 9.67 17.99 10.76 17.09 13.48 12.32 37.74 21.07 37.58 0.77 12.94 18.82 22.48 16.87 12.07 16.56 17.04 22.72 5.91 11.16 35.83 11.21 17.3 9.35 10.35 3.1 34.67 36.69 13.86 14.41 33.05 17.94 18.56 39.36 7.92 21.38 12.8 20.09 12.85 5.11 5.75 12.9 11.74 10.07 28.05 2.32 30.63 10.21 11.9 13.5 13.38 15.47 20.76 21.15 15.5 19.47 7.65 16.39 17.07 15.14 9.01 0.87 14.1 25.82 5.73 11.25 10.71 6.27 14.71 1.79 16.88 36.98 26.1 26.23 8.15 14.59 19.1 11.91 20.45 32.47 28.74 5.73 2.89 5.52 8.92 24.13 1.05 21.17 18.85 4.55 17.12 21 8.62 13.14 5.34 3.93 28.44 16.15 17.31 5.4 18.34 11.1 14.53 18.36 17.69 32.59 14.51 20.94 31.04 20.09 35.73 10.72 11.25 18.19 28.08 3.58 6.84 10.77 31.61 7.48 8.03 10.95 9.84 20.78 13.97 31.79 39.33 32.94 26.14 27.14 37.85 10.17 21.06 34.81 30.17 12.87 21.62 26.62 11.78 17.69 3.5 36.89 15.15 9.5 11.34 21.93 11.55 17.49 11.09 9.07 16.88 23.35 2.79 15.74 26.48 28.76 10.29 42.72 23.4 11.33 8.2 12.19 10.56 35.95 20.62 11.85 46.87 0.71 27.08 21.87 17 26.79 23.17 21.17 14.69 53.72 13.81 33.25 8.49 15.01 13.83 17.72 12.03 27.44 13.55 7.65 13.48 14.18 23.31 7.33 11.32 6 30.68 17.8 7.24 7.59 12.2 29.39 20.08 21.24 14.47 17.73 16.29 16.79 11.12 29.92 12.86 9.09 47.86 4.58 11.93 18.9 10.73 16.56 36.33 16.16 17.58 21.22 6.97 21.45 8.69 5.75 18.13 8.07 10.28 27.57 10.58 24.86 30.18 11.78 8.73 8.4 31.86 7.16 16.59 30.36 26.33 10.9 6.92 10.46 1.29 20.32 16.03 26.08 27.25 17.79 17.57 9.11 29.69 8.23 19.46 7.63 26.57 13.62 3.83 7.12 15.79 20.05 8.03 10.99 4.05 20.66 11.48 17.39 17.42 22.15 13.66 8.49 10.8 11.24 14.96 35.27 16.91 13.18 23.17 13.28 19.31 11.96 19.57 34.01 18.04 6.4 10.69 9.39 39.37 6.96 2.04 12.31 17.78 21.16 13.62 19.36 37.48 17.85 13.31 20.65 14.87 7.73 20.6 13.91 11.49 22.27 10.99 19.2 16.69 14.03 12.68 15.2 4 6.19 6.66 4.06 12.71 3.58 21.46 4.31 7.79 9.93 8.55 12.24 18.63 22.03 13.69 5.6 15.55 12.87 8.13 13.77 21.38 16.13 7.51 7.21 3.67 10.06 21.17 6.01 13.45 21.65 10.76 12.17 5.01 4.26 5.83 2.02 6.49 2.77 16.15 6.89 14.75 6.3 25.66 12.92 14.6 12.59 14.38 7.52 23.01 29.42 9.09 3.37 3.36 18.85 0.08 7.63 4.84 3.29 39.58 14.23 12.38 15.28 12.36 13.7 16.04 14.98 8.49 32.79 9.92 31.69 5.52 14.05 6.26 15.75 10.03 8.85 5.47 23.69 6.93 14.68 16.99 12.17 7.51 5.37 17.74 19.33 17.15 10.55 5.54 10.11 20.04 4.53 5 3.69 6.74 14.95 15.32 17.71 22.78 10.02 12.15 14.35 26.85 1.76 20.98 14.41 14.46 10.42 7.27 5.53 7.88 15.62 4.78 10.89 17.65 9.3 13.9 23.94 16.36 2.34 3.89 11.13 11.66 14.53 14.68 20.74 17.71 8.5 9.19 7.13 18.56 19.07 30.63 6.14 14.45 7.73 3.61 8.9 16.23 6.36 20.1 15.68 13.59 18.83 11.48 7.88 3.13 20.07 5.7 7.43 13.78 7.55 11.31 3.43 4.69 10.97 7.22 14.55 11.4 13.33 6.97 16.38 8.86 20.55 5.95 9.67 27.52 14.61 9.86 12.82 4.09 9.07 20.7 11.64 10.71 13.68 12.84 24.64 5.58 8.05 1 3.55 14.07 5.44 16.75 2.89 14.65 9.56 13.07 15.73 1.08 6.84 13.9 13.54 26.37 6.8 19.61 21.32 20.02 22.91 14.99 9.71 5.34 5.1 2.79 6.84 18.15 0.89 10.77 34.49 3.51 12.62 7.28 8.73 5.6 6.97 2.46 13.83 8.01 8.3 1.48 13.13 10.83 8.18 20.17 21.63 11.08 14.08 9.16 5.58 17.86 15.58 6.47 44.35 8.83 15.13 11.62 5.39 14.89 18.87 7 12.23 33.11 8.23 31.12 5.55 2.85 9.77 6.68 8.66 9.85 18.71 19.01 7.95 10.66 22.38 9.26 17.63 29.06 30.15 24.2 25.13 8.25 13.26 18.38 14.84 20.21 20.37 25.35 17.51 8.54 2.01 25.38 13.59 9.69 20.82 10.62 18.41 18.45 10.04 8.37 16.15 14.97 6.57 9.84 9.07 4.49 11.26 14.17 27.88 17.16 7.25 13.49 31.17 6.34 17.23 24.9 21.54 7.48 7.94 0.27 13.29 26.93 4.72 15.68 11.66 7.23 18.68 14.42 2.4 7.73 2.85 6.69 14.44 26.79 27.95 17.3 28.15 15.84 14.61 12.48 11.59 12.8 35.07 12.43 8.92 48.35 2.93 27.83 12.69 12.37 33.85 30.4 11.98 9.87 23.94 24.89 17.71 10.87 15.72 22.55 18.52 26.1 11.6 17.88 7.38 17.24 29.1 10.12 11.17 7.18 9.06 19.66 6.17 9.11 26.24 10.96 10.54 4.1 6.28 11.81 10.75 5.62 7.22 21.39 4.19 21.01 10.78 1.22 9.22 8 6.5 4 11.52 6.15 10.73 21.51 21.66 14.14 11.98 13.6 3.33 20.64 16.47 16.25 11.84 17.7 6.78 5.68 13.5 13.74 5.74 20.84 19.49 12.51 10.24 4.85 3.37 2.69 10.01 7.77 4.06 25.81 17.5 25.47 21.65 13.88 21.13 5.29 25.64 17.51 27.48 5.08 21.33 6.45 0.66 11.44 16.08 7.32 10.72 10.56 9.6 15.77 11.07 5.54 7.16 21.22 19.5 36.43 20.7 19.45 2.31 22.79 13.41 19.57 18.41 25.56 23.31 7.82 3.93 4.46 11.79 22.27 1.43 21.18 31.19 7.36 14.74 19.96 4.18 6 9.1 1.12 33.57 21.68 25.12 24.34 10.46 20.61 16.81 20.27 8.81 33.15 9.95 21.16 7.93 7.64 13.51 9.69 23.63 10.13 16.35 3.46 22.47 20.19 12.11 14.53 19.96 11.79 13.75 34.9 11.15 4.05 11.84 12.71 27.07 27.75 15.44 20.65 30.38 9.98 19.79 26.46 7.63 31.9 37.76 24.23 15.04 16.94 20.43 13.02 29.27 0.88 26.85 5.39 11.75 14.8 4.38 47.93 8.01 25.33 19.48 20.9 22.9 14.54 29.83 7.74 40.29 27.34 33.74 8.28 21.16 8.94 23.45 13.98 13.69 2.96 8.4 8.22 2.88 19.61 15.1 14.87 20.73 10.53 11.59 32.55 24.48 8.23 28.71 11.48 28.28 8.73 8.49 15.28 10.84 28.04 19.86 38.55 26.41 26.49 37.26 8.8 11.73 1.56 5.99 10.89 28.23 7.65 12.71 33.81 1.17 18.43 8.96 6.6 14.27 6.88 2.51 16.57 7.38 6.11 26.05 11.41 15.67 9.44 9.86 8.5 21.51 20.33 5.37 14.3 11.15 13.03 5.1 5.86 4.97 6.35 16.3 8.8 15.26 28 24.13 12.99 35.97 24.95 20.45 14.92 33.75 8.23 26.27 22.21 12.12 9.6 16.1 18.86 21.1 39.05 11.7 13.29 25.58 17 21.36 16.09 8.55 6.42 11.11 0.97 13.69 20.2 21.9 13.83 14.14 3.24 9.72 9.22 46.82 9.89 20.14 10.45 13.64 9.49 28.33 16.05 8.47 26.8 28.96 32.6 6.1 12.73 17.12 19.43 12.89 37.55 22.53 31.1 18.98 16.9 7.87 14.41 19 1.57 36.7 4.71 43.65 14.66 20.87 25.46 31.82 12.57 20.35 14.78 30.3 44.54 20.72 10.09 20.83 18.31 19.15 14.2 19.65 21.76 12.91 17.01 9 6.82 3.78 14.54 5.26 15.49 12.85 13.06 13.93 16.2 4.59 9.83 4.56 6.4 5.95 21.05 13.65 2.57 16.06 13.69 1.93 32.64 15.43 6.27 14.33 8.75 1.74 13.66 11.2 2.36 10.94 14.5 5.57 11.94 5.7 4.2 9.77 5.29 5.85 5.06 9.56 12.29 6.77 15.54 6.38 9.35 6 9.25 6.94 7.95 25.37 14.47 7.29 26.6 11.34 21.92 23.25 22.86 10.7 24.6 23.34 22.86 8.52 12.36 13.64 7.96 7.28 8.98 1.78 19.94 22.21 18.97 12.44 12.62 6.5 5.79 24.29 42.26 3.93 34.24 32.22 15.8 26.5 21.84 18.73 11.59 10.47 10.95 11.59 2 33.47 12.99 16.67 8.25 10.95 9.05 4.99 10.68 17.64 5.9 6.03 4.99 2.66 9.49 7.17 
2.21 2.62 1.82 1.43 2.15 2.13 1.82 2.06 2.2 2.36 1.69 2.47 1.17 2.05 2.61 2.33 1.02 1.61 1.61 1.81 1.14 2.93 2.45 1.1 1.93 2.77 2.2 1.55 2.26 2.04 1.48 2.7 2.82 2.39 2.78 1.2 2.91 1.06 2.09 1.22 1.17 1.35 2.45 2.79 2.12 2.58 1.53 1.59 2.34 2.1 2.54 1.15 2.48 2.94 2.95 2.04 2.83 1.17 1.39 1.17 2.92 1.01 1.82 1 2.64 1.87 1.41 2.15 1.32 2.86 2.79 1.97 2.31 1.24 1.38 2.75 1.42 2.57 2.67 1.93 1.32 2.67 1.48 1.66 1.37 1.04 2.8 2.43 1.32 2.58 2.11 2.34 2.7 2.55 2.02 2.17 2.38 1.39 2.27 1.98 2.95 1.63 1.48 1.81 2.05 2.07 2.78 1.86 2.4 2 1.2 2.62 2.17 3 2.68 2.48 2.88 2.86 2.91 1.38 1.27 2.62 2.08 2.06 2.49 2.02 2.93 1.03 1.63 2.25 1 1.42 2.42 2.65 2.62 1.39 1.98 2.93 2.05 2.63 1.43 1.7 1.39 2.07 2.07 1.99 1.17 1.93 1.1 1.05 1.41 1.03 1.66 1.81 2.26 2.25 2.13 1.94 2.26 1.41 1.22 2.79 2.32 2.15 1.17 1.97 1.7 2.35 2.39 1.84 1.64 2.5 1.84 1.66 2.57 1.64 1.2 1.35 1.14 1.2 1.11 1.28 1.24 2.46 2.5 1.66 2.59 1.91 2.35 1.65 2.78 2.21 2.73 2.21 1.76 2.98 1.87 2.79 1.3 1.31 2.85 1.82 2.9 1.96 1.87 2.78 2.89 1.67 2.83 1.92 1.72 2.52 2.97 2.27 2.47 1.77 2.68 2.83 1.86 1.06 1.04 1.6 2.29 1.31 2.98 2.84 1.97 1.61 2.15 1.35 2.89 1.76 1.7 2.96 2.21 2.49 2.93 2.9 1.74 1.5 1.07 1.45 1.01 1.11 1.7 1.61 2.07 2.09 2.15 2.7 2.06 2.63 1.05 1.22 1.49 1.49 1.56 2.03 2.67 2.74 2.46 2.73 1 2.44 2.49 2.29 2.95 2.6 1.29 1.08 1.28 1.46 1.19 2.8 2.24 1.21 1.45 2.04 2.04 1.49 1.85 1.95 1.94 2.6 2.12 2.93 2.22 2.6 1.23 1.99 2.42 2.17 2.43 1.09 1.08 2.88 1.63 1.8 1.51 1.72 2.29 1.15 2.85 1 1.36 1.7 1.45 2.12 1.3 1.21 1.42 1.11 1.74 2.02 1.54 2.01 1.16 2.1 1.2 1.58 1.7 2.05 2.91 2.58 2.62 1.72 1.74 1.7 2.58 2.6 1.3 2.34 2.31 2.05 2.7 2.37 2.79 2.96 1.81 1.94 1.27 1.8 2.23 1.04 2.82 1.52 1.61 2.76 1.94 1.19 2.17 2.24 1.67 2.5 2.71 1.67 2.62 2.66 2.44 2.51 1.72 2.72 2.69 1.97 2.56 1.65 2 1.04 1.7 2.42 1.48 2.02 2.46 1.41 1.46 2.39 2.98 2 2.13 1.86 1.28 1.59 1.91 1.44 2.79 2.61 1.49 2.23 1.02 1.1 1.68 1.94 2.62 1.15 1.01 1.08 1.47 2.95 1.08 1.26 1.2 2.84 1.58 2.49 2.99 2.76 1.11 1.23 1.15 1.92 1.95 1.32 1.02 1.75 2.21 1.02 1.77 2.73 1.93 1.97 1.37 1.25 3 1.5 1.63 1.99 2.8 1.16 2.33 1.8 1.22 2.43 1.57 1.96 2.21 2.68 1.83 1.5 2.2 2.75 1.36 2.94 2.97 2.13 2.06 1.06 1.74 1.85 2.3 2.09 1.6 1.61 2.27 2.28 2.9 1.96 2.23 2.28 1.27 2.65 1.44 1.16 2.69 2.88 2.01 2.63 2.55 2.76 1.08 2.32 2.77 1 2.5 1.5 2.07 2.21 2.09 1.93 2.4 1.81 1.15 1.03 1.14 2.92 1.25 2.35 2.89 2.78 2.86 2.01 2.93 1.07 2.15 2.96 2.69 2 2.71 2.66 2.79 1.92 1.94 2.92 1.82 1.06 2.51 1.16 1.09 2.56 2.02 1.83 2.83 1.72 1.97 2.84 2.25 2.56 2.93 2.6 1.5 2.6 1.04 2.28 1.13 2.91 2.74 2.03 1.5 2.13 2.81 2.77 1.95 2.49 2.35 1.85 1.3 1.07 2.38 2.55 3 1.17 1.67 1.12 2.83 1.43 1.47 1.74 1.52 2.31 2.82 1.16 2.19 1.05 1.13 1.11 2.22 1.59 2.6 2.4 2.41 2.62 2.59 2.84 2.19 1.66 1.37 2.9 2.34 2.12 2.08 1.12 1.66 1.06 1.81 1.25 1.21 1.8 1.34 1.12 2.57 2.94 1.53 1.29 1.52 2.74 2.6 1.57 1.62 1.62 2.04 2.91 1.67 1.85 1.2 1.59 2.74 1.6 1.22 2.67 2.85 2.36 2.48 1.43 1.94 2.15 2.35 2.67 1.7 2.72 2.25 1.24 2.12 2.05 2.67 1.14 1 1.26 1.88 1.69 1.71 2.51 2.32 1.53 2.56 1.16 2.9 2.86 1.62 1.6 2.8 2.87 1.91 2.84 1.55 1.06 1.71 1.44 1.99 2.7 1.03 1 1.93 1.36 1.69 2.53 2.82 1.87 1.12 1.23 2.52 2.47 1.89 2.7 1.82 1.16 1.29 2.92 2.8 1.45 2.04 1.94 2.32 2.13 1.47 1.65 2.28 2.52 1.88 2.96 2.71 1.85 3 2.49 1.1 1.84 1.98 1.99 1.46 1.61 1.37 2.22 2.84 1.98 2.57 1.69 1.91 1.67 1.15 2.43 1.11 1.08 2.14 1.75 2.77 2.15 2.58 1.99 2.58 1.4 2.34 1.59 1.21 1.47 2.37 2.1 1.47 1.88 2.64 1.2 1.26 1.53 2.33 2.88 2.38 1.28 1.08 1.98 2.84 2.05 2.46 2.1 1.12 2.67 1.02 1.3 2.28 1.55 1.23 1.86 1.41 2.18 1.97 1.37 1.36 2.06 2.83 1.68 1.64 1.85 2.3 1.93 1.76 1.83 1.44 2.82 1.54 2.42 1.82 1.03 1.9 2.18 2.38 1.26 2.98 1.88 2.82 1.84 1.9 2.04 2.5 2.46 2.77 2.39 2.69 1.26 1.99 2.95 1.26 2.03 1.4 1.01 2.53 2.85 1.5 1.71 1.3 2.6 1.78 2.42 2.21 1.32 1.54 2.99 1.21 2.27 1.85 1.58 2.73 1.58 1.68 2.3 2.31 1.83 1.57 2.66 1.31 1.31 2.94 2.64 1.35 1.05 1.48 1.67 2.07 1.67 2.12 1.26 1.35 1.82 1.56 1.29 2.57 2.33 2.99 2.36 2.23 2.52 1.95 1.52 2.81 1.73 2.74 1.97 1.68 1.06 1.72 2.46 1.8 2.41 2.98 2.48 1.85 1.61 1.45 1.1 2.48 1.22 2.12 1.71 2.12 1.1 2.35 2.17 2.39 2.53 2.55 1.29 1.7 2.32 2.53 2.54 2.24 2.6 1.12 1.68 2.72 2.32 2.22 2.38 2.99 2.59 1.96 2.92 2.57 1.49 2.15 1.65 2.44 1.16 1.14 1.17 1.1 2.11 2.54 3 1.94 1.39 1.66 1.59 2.89 1.04 1.74 2.39 1.11 1.32 1.94 1.18 2.32 2.69 2.97 1.91 2.83 2.83 2.68 1.38 2.25 1.61 1.16 2.54 1.57 2.27 1.74 2.84 2.85 1.33 1.61 2.86 2.68 1.44 2.51 2.27 1.98 1.01 2.77 1.87 2.66 2.19 1.21 1.11 2.53 2.27 3 1.6 2.1 1.02 1.05 2.29 2.68 1.82 1.24 2.11 2.55 2.21 1.44 2.94 2.83 2.51 2.01 1.81 1 2.16 2.56 1.23 2.37 1.64 1.82 2.79 2.92 2.43 2.02 1.1 2.42 2.15 2.17 1.06 2.76 2.32 1.8 1.02 2.54 2.98 2.1 1.59 2.9 1.75 2.91 2.52 1.54 2.16 1.25 2.94 2.27 1.98 2.04 1.38 2.21 1.28 2.17 1.97 1.07 2.21 2.5 1.9 1.91 2.45 1.48 2.81 1.73 2.54 2.84 1.99 1.7 2.92 2.44 1.34 1.39 2.61 1.62 1.84 2.6 1.88 1.64 2.17 2.85 2.4 2.27 2.6 2.8 1.26 1.92 1.13 1.27 2.83 1.64 1.05 2.09 2.28 2.89 2.32 2.84 2.78 2.9 2.67 2.82 2.52 1.9 2.63 1.56 1.55 2.24 2.06 2.4 2.37 2.76 2.63 2.17 1.92 1.63 1.85 2.43 1.9 2.3 1.12 2.59 2.5 1.55 1.32 2.95 1.72 1.31 2.23 2.95 2.94 1.84 1.47 1.71 1.6 1.26 1.8 2.13 2.26 2.29 1.31 2.52 1.07 2.98 2.33 2.61 1.95 1.39 1.03 2.29 2.61 1.52 1.74 1.26 2.43 1.34 2.38 1.47 1.95 2.73 2.01 2.01 2.02 2.54 1.77 1.11 1 2.15 2.02 2.66 1.54 2.33 2.82 1.47 2.77 1.79 2.34 1.5 1.07 1.95 1.04 2.69 1.74 2.76 1.72 2.33 2.93 1.07 2.84 1.73 2.99 2.07 2.25 2.87 2.05 2.75 2.04 2.87 2.67 1.34 1.7 1.78 1.01 1.95 2.67 2.73 2.96 1.65 2.67 1.32 2.71 2.56 1.88 2.92 2.63 2.26 2.94 1.99 1.08 1.79 2.41 2.63 1.99 1.24 2.43 1.47 1.94 1.32 1.65 1.61 1.38 2.44 2.11 1.21 1.45 1.8 2.12 2.84 2.29 1.96 2.39 1.37 1.34 1.55 2.36 1.17 1.68 1.15 2.1 1.31 1.28 1.57 1.75 2.3 1.04 1.28 1.17 2.61 1.7 2.09 1.02 1.2 1.06 2.23 1.49 1.55 2.63 1.31 1.26 1.27 2.35 1.23 1.52 2.11 2.49 2.3 2.49 2.8 2.16 1.71 1.04 2.56 2.66 1.49 2.49 1.66 1.22 2.1 2.02 2.22 2.29 1.86 1.57 2.41 2.47 2.33 1.23 2.4 1.25 1.14 1.27 2.61 1.72 2.84 
