50 1225
6.42 8.73 12.35
36270.9
35 62 95 63 5 44 51 72 55 24 40 94 60 13 93 91 54 18 73 7 12 90 34 40 70 82 9 74 73 68 74 50 53 69 9 31 16 1 18 99 100 37 23 7 68 98 12 66 39 32 
0 7.1 21.54 20.94 17.72 10.4 16.01 9.06 12.31 6.85 17.97 8.41 15.85 4.44 20.73 9.98 19.62 13.05 21.69 21.91 19.07 15.62 20.75 22.89 15.9 19.65 20.07 18.24 4.5 24.54 18.55 6.42 15.41 10.76 11.91 8.68 16.05 6.46 10.97 18.2 11.01 9.17 10.66 19.25 17.21 12.66 8.16 17.6 16.94 9.08 
7.1 0 19.78 17.63 17.91 16.38 21.28 14.07 18.88 2.14 18.31 1.38 13.95 6.99 13.7 17.04 15.62 11.74 14.6 19.28 25.22 20.42 17.93 21.42 16.85 22.41 24.55 19.77 10.44 24.15 20.19 10.81 17.19 17.81 18.05 9.44 20.93 10.2 7.29 21.24 15.91 15.8 9.7 19.51 11.18 5.6 6.98 11.62 12.08 3.61 
21.54 19.78 0 4.85 6.05 20.76 20.36 17.86 24.05 17.78 6.32 20.2 5.88 17.12 21.12 26.11 7.27 8.53 22.77 2.63 25.84 18.58 3.38 1.78 8.3 13.34 19.39 9.35 19.75 5.78 9.7 27.92 10.18 28.76 21.95 12.96 19.02 16.37 12.52 13.76 17.74 29.29 10.93 5.9 14.23 19.22 13.68 14.05 10.61 16.36 
20.94 17.63 4.85 0 9.49 22.49 23.25 19.35 25.9 15.89 9.91 17.75 5.74 16.75 16.58 27.21 2.69 8.42 18.22 2.49 28.76 21.51 1.5 6.41 11.23 17.34 23.06 13.17 20.15 10.58 13.59 27.04 13.14 29.56 23.9 13.09 22.01 16.93 10.47 17.45 19.71 29.49 10.56 9.98 9.98 15.87 12.77 9.72 6.59 14.02 
17.72 17.91 6.05 9.49 0 15.04 14.31 12.34 18.23 15.77 0.51 18.71 5.68 13.37 23.18 20.66 10.89 6.4 24.83 8.21 19.8 12.53 8.13 6.4 2.37 7.89 13.61 3.71 15.02 6.84 4.16 24.12 4.15 23.46 16.09 9.18 12.98 11.73 11.5 7.98 11.95 24.45 8.2 1.6 16.14 19.11 11 16.12 12.66 15.08 
10.4 16.38 20.76 22.49 15.04 0 5.89 3.21 3.41 15.07 14.98 17.76 16.76 9.63 28.71 6.02 22.41 14.34 29.99 22.3 8.85 6.1 21.63 21.41 12.67 12.49 10.49 13.34 6.05 21.2 13.38 14.43 11.06 9.05 1.73 10.37 6.35 6.89 16 10.92 3.11 11.28 12.87 16.01 23.31 21.23 12.53 23.58 21.45 16.55 
16.01 21.28 20.36 23.25 14.31 5.89 0 7.23 6.57 19.67 14.06 22.62 17.89 14.29 32.46 10.93 23.84 16.12 33.88 22.42 5.52 1.78 22.09 20.52 12.15 8.83 4.81 11.4 11.53 19.17 11.22 20.32 10.22 13.87 5.06 13.45 1.41 11.11 19.24 7.51 5.37 16.71 15.45 14.73 26.35 25.57 16.12 26.54 23.85 20.73 
9.06 14.07 17.86 19.35 12.34 3.21 7.23 0 6.61 12.53 12.35 15.42 13.61 7.1 25.81 8.32 19.22 11.14 27.14 19.27 11.45 6.59 18.54 18.63 10.01 11.29 11.02 11.2 4.62 18.82 11.34 14.25 8.63 11.15 4.83 7.2 7.05 4.01 12.91 9.74 1.96 12.58 9.67 13.48 20.21 18.56 9.5 20.47 18.26 13.78 
12.31 18.88 24.05 25.9 18.23 3.41 6.57 6.61 0 17.8 18.13 20.27 20.17 12.48 31.69 4.49 25.82 17.75 32.9 25.66 7.03 7.61 25.01 24.63 15.87 14.74 11.36 16.22 8.46 24.16 16.2 15 14.16 7.32 2.15 13.7 7.62 10.07 19.23 13.22 6.31 10.41 16.24 19.1 26.53 24.01 15.73 26.82 24.79 19.47 
6.85 2.14 17.78 15.89 15.77 15.07 19.67 12.53 17.8 0 16.17 3.16 11.92 5.46 14.08 16.43 14.04 9.63 15.18 17.42 23.86 18.71 16.09 19.4 14.72 20.36 22.73 17.65 9.36 22.05 18.08 11.69 15.09 17.55 16.78 7.37 19.23 8.56 5.42 19.23 14.29 15.95 7.57 17.37 10.46 6.21 4.84 10.87 10.75 2.3 
17.97 18.31 6.32 9.91 0.51 14.98 14.06 12.35 18.13 16.17 0 19.13 6.19 13.64 23.69 20.66 11.37 6.86 25.33 8.56 19.53 12.28 8.54 6.54 2.34 7.44 13.22 3.26 15.17 6.65 3.7 24.35 3.99 23.49 15.99 9.48 12.71 11.9 11.97 7.58 11.88 24.55 8.61 1.28 16.65 19.58 11.38 16.63 13.17 15.52 
8.41 1.38 20.2 17.75 18.71 17.76 22.62 15.42 20.27 3.16 19.13 0 14.46 8.33 12.52 18.37 15.6 12.43 13.36 19.53 26.6 21.74 18.16 21.89 17.78 23.52 25.83 20.74 11.83 24.79 21.18 11.65 18.22 19.07 19.43 10.53 22.25 11.53 7.68 22.39 17.25 16.93 10.53 20.3 10.59 4.45 7.93 11.03 11.88 3.85 
15.85 13.95 5.88 5.74 5.68 16.76 17.89 13.61 20.17 11.92 6.19 14.46 0 11.48 17.52 21.49 5.96 2.84 19.16 6.11 23.35 16.21 5.08 7.48 6.47 13.22 18.33 9.15 14.57 10.46 9.64 22.16 8.2 23.9 18.2 7.53 16.73 11.28 6.79 12.94 14.04 24.02 5.2 6.94 10.46 14 7.84 10.44 7 10.62 
4.44 6.99 17.12 16.75 13.37 9.63 14.29 7.1 12.48 5.46 13.64 8.33 11.48 0 19.21 11.72 15.66 8.66 20.42 17.58 18.41 13.45 16.45 18.45 11.66 16.13 17.64 14.2 4.24 20.16 14.55 10.85 11.4 13.43 11.34 4.25 13.95 3.23 7.43 14.8 8.92 12.8 6.29 14.92 14.44 11.6 4.11 14.78 13.44 6.99 
20.73 13.7 21.12 16.58 23.18 28.71 32.46 25.81 31.69 14.08 23.69 12.52 17.52 19.21 0 30.51 13.93 17.5 1.66 19.07 37.25 31.16 17.85 22.84 23.55 30.33 34.47 26.49 23.35 26.87 26.98 23.92 24.88 31.49 30.43 19.01 31.7 21.85 13.27 29.72 27.29 29.45 17.25 24.43 7.07 8.1 16.37 7.16 10.69 12.22 
9.98 17.04 26.11 27.21 20.66 6.02 10.93 8.32 4.49 16.43 20.66 18.37 21.49 11.72 30.51 0 26.69 18.8 31.56 27.37 11.16 11.71 26.53 26.93 18.32 18.48 15.74 19.28 7.51 27.06 19.35 11.07 16.87 3.04 5.95 14.25 11.82 10.35 19.08 16.92 9.03 5.93 16.87 21.77 26.16 22.52 15.6 26.5 25.01 18.43 
19.62 15.62 7.27 2.69 10.89 22.41 23.84 19.22 25.82 14.04 11.37 15.6 5.96 15.66 13.93 26.69 0 8.08 15.57 5.15 29.3 22.17 3.93 8.94 12.25 18.77 24.18 14.59 19.39 13.06 15.05 25.49 14.07 28.86 23.93 12.44 22.68 16.35 8.77 18.68 19.84 28.46 9.82 11.69 7.29 13.38 11.57 7.03 4 12.01 
13.05 11.74 8.53 8.42 6.4 14.34 16.12 11.14 17.75 9.63 6.86 12.43 2.84 8.66 17.5 18.8 8.08 0 19.09 8.94 21.47 14.54 7.89 9.99 6.13 12.84 17.23 9.15 11.76 12.42 9.64 19.4 7.38 21.15 15.86 4.71 15.08 8.51 5.1 12.23 11.8 21.19 2.4 7.96 10.71 12.73 5.18 10.8 7.78 8.71 
21.69 14.6 22.77 18.22 24.83 29.99 33.88 27.14 32.9 15.18 25.33 13.36 19.16 20.42 1.66 31.56 15.57 19.09 0 20.7 38.59 32.6 19.5 24.49 25.16 31.93 35.99 28.11 24.51 28.53 28.6 24.51 26.46 32.42 31.71 20.44 33.15 23.16 14.75 31.29 28.67 30.24 18.77 26.09 8.73 9.04 17.76 8.82 12.35 13.44 
21.91 19.28 2.63 2.49 8.21 22.3 22.42 19.27 25.66 17.42 8.56 19.53 6.11 17.58 19.07 27.37 5.15 8.94 20.7 0 27.94 20.66 1.39 3.98 10.28 15.82 21.77 11.73 20.63 8.18 12.12 28.17 12.2 29.89 23.6 13.62 21.12 17.3 12 16.12 19.38 30.11 11.29 8.35 12.39 18 13.81 12.15 8.91 15.73 
19.07 25.22 25.84 28.76 19.8 8.85 5.52 11.45 7.03 23.86 19.53 26.6 23.35 18.41 37.25 11.16 29.3 21.47 38.59 27.94 0 7.28 27.61 25.94 17.66 13.67 7.99 16.75 14.86 24.32 16.53 22.01 15.73 13.47 7.2 18.39 6.83 15.46 24.2 12.59 10 16.98 20.59 20.14 31.44 29.98 20.89 31.66 29.12 25.22 
15.62 20.42 18.58 21.51 12.53 6.1 1.78 6.59 7.61 18.71 12.28 21.74 16.21 13.45 31.16 11.71 22.17 14.54 32.6 20.66 7.28 0 20.34 18.74 10.38 7.28 4.49 9.63 11.14 17.44 9.47 20.38 8.45 14.72 5.76 12.17 0.55 10.22 17.9 5.87 4.64 17.31 14.02 12.95 24.91 24.47 14.91 25.08 22.3 19.62 
20.75 17.93 3.38 1.5 8.13 21.63 22.09 18.54 25.01 16.09 8.54 18.16 5.08 16.45 17.85 26.53 3.93 7.89 19.5 1.39 27.61 20.34 0 5.01 9.99 15.94 21.74 11.78 19.65 9.15 12.2 26.96 11.92 28.98 22.99 12.6 20.83 16.36 10.67 16.11 18.77 29.08 10.18 8.53 11.09 16.62 12.61 10.87 7.56 14.37 
22.89 21.42 1.78 6.41 6.4 21.41 20.52 18.63 24.63 19.4 6.54 21.89 7.48 18.45 22.84 26.93 8.94 9.99 24.49 3.98 25.94 18.74 5.01 0 8.76 12.96 19.13 9.22 20.84 4.19 9.5 29.29 10.53 29.66 22.49 14.24 19.15 17.47 14.21 13.58 18.34 30.38 12.37 5.8 15.99 20.99 15.17 15.79 12.38 18.05 
15.9 16.85 8.3 11.23 2.37 12.67 12.15 10.01 15.87 14.72 2.34 17.78 6.47 11.66 23.55 18.32 12.25 6.13 25.16 10.28 17.66 10.38 9.99 8.76 0 6.81 11.94 3.05 12.91 8.93 3.53 22.23 1.93 21.14 13.73 7.65 10.85 9.69 11.08 6.47 9.58 22.24 7.31 3.52 16.63 18.72 9.87 16.67 13.37 14.35 
19.65 22.41 13.34 17.34 7.89 12.49 8.83 11.29 14.74 20.36 7.44 23.52 13.22 16.13 30.33 18.48 18.77 12.84 31.93 15.82 13.67 7.28 15.94 12.96 6.81 0 6.21 4.19 15.62 10.72 3.74 25.42 5.52 21.52 12.72 12.99 7.45 13.24 17.57 1.58 9.76 23.63 13.57 7.46 23.44 25.08 15.67 23.48 20.17 20.45 
20.07 24.55 19.39 23.06 13.61 10.49 4.81 11.02 11.36 22.73 13.22 25.83 18.33 17.64 34.47 15.74 24.18 17.23 35.99 21.77 7.99 4.49 21.74 19.13 11.94 6.21 0 10.04 15.6 16.89 9.69 24.85 10.13 18.67 9.86 15.78 4.15 14.42 21.25 5.64 9.06 21.52 17.22 13.49 27.91 28.25 18.59 28.03 24.97 23.41 
18.24 19.77 9.35 13.17 3.71 13.34 11.4 11.2 16.22 17.65 3.26 20.74 9.15 14.2 26.49 19.28 14.59 9.15 28.11 11.73 16.75 9.63 11.78 9.22 3.05 4.19 10.04 0 14.8 7.95 0.49 24.43 2.83 22.23 14.07 10.42 10 11.83 14.13 4.41 10.25 23.75 10.33 3.46 19.51 21.76 12.81 19.53 16.14 17.37 
4.5 10.44 19.75 20.15 15.02 6.05 11.53 4.62 8.46 9.36 15.17 11.83 14.57 4.24 23.35 7.51 19.39 11.76 24.51 20.63 14.86 11.14 19.65 20.84 12.91 15.62 15.6 14.8 0 21.82 15.04 9.8 12.01 9.47 7.66 7.07 11.56 3.37 11.57 14.11 6.55 9.55 9.62 16.41 18.67 15.57 8.1 19 17.51 11.14 
24.54 24.15 5.78 10.58 6.84 21.2 19.17 18.82 24.16 22.05 6.65 24.79 10.46 20.16 26.87 27.06 13.06 12.42 28.53 8.18 24.32 17.44 9.15 4.19 8.93 10.72 16.89 7.95 21.82 0 8.02 30.94 10.2 29.95 22.01 15.93 17.76 18.55 17.2 11.74 18.09 31.16 14.6 5.41 19.92 24.42 17.46 19.76 16.28 21 
18.55 20.19 9.7 13.59 4.16 13.38 11.22 11.34 16.2 18.08 3.7 21.18 9.64 14.55 26.98 19.35 15.05 9.64 28.6 12.12 16.53 9.47 12.2 9.5 3.53 3.74 9.69 0.49 15.04 8.02 0 24.71 3.15 22.32 14.06 10.82 9.82 12.12 14.61 4.08 10.32 23.91 10.79 3.8 20 22.24 13.24 20.02 16.63 17.83 
6.42 10.81 27.92 27.04 24.12 14.43 20.32 14.25 15 11.69 24.35 11.65 22.16 10.85 23.92 11.07 25.49 19.4 24.51 28.17 22.01 20.38 26.96 29.29 22.23 25.42 24.85 24.43 9.8 30.94 24.71 0 21.6 9.99 15.49 15.09 20.7 12.61 16.73 23.91 16.06 6.61 17 25.62 21.96 16.04 14.36 22.39 22.42 13.96 
15.41 17.19 10.18 13.14 4.15 11.06 10.22 8.63 14.16 15.09 3.99 18.22 8.2 11.4 24.88 16.87 14.07 7.38 26.46 12.2 15.73 8.45 11.92 10.53 1.93 5.52 10.13 2.83 12.01 10.2 3.15 21.6 0 19.76 12.02 7.76 8.92 9 12.04 4.86 7.95 21.09 8.06 4.95 18.06 19.58 10.3 18.14 14.94 15.01 
10.76 17.81 28.76 29.56 23.46 9.05 13.87 11.15 7.32 17.55 23.49 19.07 23.9 13.43 31.49 3.04 28.86 21.15 32.42 29.89 13.47 14.72 28.98 29.66 21.14 21.52 18.67 22.23 9.47 29.95 22.32 9.99 19.76 0 8.96 16.49 14.82 12.63 20.86 19.95 12.01 3.71 19.07 24.62 27.69 23.4 17.48 28.06 26.87 19.71 
11.91 18.05 21.95 23.9 16.09 1.73 5.06 4.83 2.15 16.78 15.99 19.43 18.2 11.34 30.43 5.95 23.93 15.86 31.71 23.6 7.2 5.76 22.99 22.49 13.73 12.72 9.86 14.07 7.66 22.01 14.06 15.49 12.02 8.96 0 12.02 5.87 8.61 17.7 11.18 4.22 11.66 14.49 16.95 25.01 22.95 14.24 25.27 23.09 18.27 
8.68 9.44 12.96 13.09 9.18 10.37 13.45 7.2 13.7 7.37 9.48 10.53 7.53 4.25 19.01 14.25 12.44 4.71 20.44 13.62 18.39 12.17 12.6 14.24 7.65 12.99 15.78 10.42 7.07 15.93 10.82 15.09 7.76 16.49 12.02 0 12.71 3.9 5.82 11.89 8.39 16.49 2.62 10.76 13.07 12.47 2.81 13.3 11.09 7.66 
16.05 20.93 19.02 22.01 12.98 6.35 1.41 7.05 7.62 19.23 12.71 22.25 16.73 13.95 31.7 11.82 22.68 15.08 33.15 21.12 6.83 0.55 20.83 19.15 10.85 7.45 4.15 10 11.56 17.76 9.82 20.7 8.92 14.82 5.87 12.71 0 10.72 18.45 6.11 5.1 17.49 14.57 13.35 25.46 25.01 15.45 25.63 22.85 20.15 
6.46 10.2 16.37 16.93 11.73 6.89 11.11 4.01 10.07 8.56 11.9 11.53 11.28 3.23 21.85 10.35 16.35 8.51 23.16 17.3 15.46 10.22 16.36 17.47 9.69 13.24 14.42 11.83 3.37 18.55 12.12 12.61 9 12.63 8.61 3.9 10.72 0 9.17 11.84 5.74 12.92 6.52 13.16 16.47 14.55 5.66 16.75 14.84 9.77 
10.97 7.29 12.52 10.47 11.5 16 19.24 12.91 19.23 5.42 11.97 7.68 6.79 7.43 13.27 19.08 8.77 5.1 14.75 12 24.2 17.9 10.67 14.21 11.08 17.57 21.25 14.13 11.57 17.2 14.61 16.73 12.04 20.86 17.7 5.82 18.45 9.17 0 16.75 14.2 20.01 4.06 13.04 7.31 7.65 3.52 7.59 6.03 3.84 
18.2 21.24 13.76 17.45 7.98 10.92 7.51 9.74 13.22 19.23 7.58 22.39 12.94 14.8 29.72 16.92 18.68 12.23 31.29 16.12 12.59 5.87 16.11 13.58 6.47 1.58 5.64 4.41 14.11 11.74 4.08 23.91 4.86 19.95 11.18 11.89 6.11 11.84 16.75 0 8.18 22.05 12.71 7.87 22.92 24.16 14.63 22.99 19.78 19.46 
11.01 15.91 17.74 19.71 11.95 3.11 5.37 1.96 6.31 14.29 11.88 17.25 14.04 8.92 27.29 9.03 19.84 11.8 28.67 19.38 10 4.64 18.77 18.34 9.58 9.76 9.06 10.25 6.55 18.09 10.32 16.06 7.95 12.01 4.22 8.39 5.1 5.74 14.2 8.18 0 13.88 10.66 12.9 21.45 20.24 10.92 21.67 19.25 15.41 
9.17 15.8 29.29 29.49 24.45 11.28 16.71 12.58 10.41 15.95 24.55 16.93 24.02 12.8 29.45 5.93 28.46 21.19 30.24 30.11 16.98 17.31 29.08 30.38 22.24 23.63 21.52 23.75 9.55 31.16 23.91 6.61 21.09 3.71 11.66 16.49 17.49 12.92 20.01 22.05 13.88 0 18.93 25.76 26.37 21.37 16.89 26.77 26.03 18.22 
10.66 9.7 10.93 10.56 8.2 12.87 15.45 9.67 16.24 7.57 8.61 10.53 5.2 6.29 17.25 16.87 9.82 2.4 18.77 11.29 20.59 14.02 10.18 12.37 7.31 13.57 17.22 10.33 9.62 14.6 10.79 17 8.06 19.07 14.49 2.62 14.57 6.52 4.06 12.71 10.66 18.93 0 9.81 10.9 11.52 2.86 11.09 8.61 7.04 
19.25 19.51 5.9 9.98 1.6 16.01 14.73 13.48 19.1 17.37 1.28 20.3 6.94 14.92 24.43 21.77 11.69 7.96 26.09 8.35 20.14 12.95 8.53 5.8 3.52 7.46 13.49 3.46 16.41 5.41 3.8 25.62 4.95 24.62 16.95 10.76 13.35 13.16 13.04 7.87 12.9 25.76 9.81 0 17.37 20.61 12.6 17.32 13.82 16.65 
17.21 11.18 14.23 9.98 16.14 23.31 26.35 20.21 26.53 10.46 16.65 10.59 10.46 14.44 7.07 26.16 7.29 10.71 8.73 12.39 31.44 24.91 11.09 15.99 16.63 23.44 27.91 19.51 18.67 19.92 20 21.96 18.06 27.69 25.01 13.07 25.46 16.47 7.31 22.92 21.45 26.37 10.9 17.37 0 7.03 10.81 0.45 3.65 8.16 
12.66 5.6 19.22 15.87 19.11 21.23 25.57 18.56 24.01 6.21 19.58 4.45 14 11.6 8.1 22.52 13.38 12.73 9.04 18 29.98 24.47 16.62 20.99 18.72 25.08 28.25 21.76 15.57 24.42 22.24 16.04 19.58 23.4 22.95 12.47 25.01 14.55 7.65 24.16 20.24 21.37 11.52 20.61 7.03 0 9.67 7.47 9.39 4.86 
8.16 6.98 13.68 12.77 11 12.53 16.12 9.5 15.73 4.84 11.38 7.93 7.84 4.11 16.37 15.6 11.57 5.18 17.76 13.81 20.89 14.91 12.61 15.17 9.87 15.67 18.59 12.81 8.1 17.46 13.24 14.36 10.3 17.48 14.24 2.81 15.45 5.66 3.52 14.63 10.92 16.89 2.86 12.6 10.81 9.67 0 11.09 9.41 4.85 
17.6 11.62 14.05 9.72 16.12 23.58 26.54 20.47 26.82 10.87 16.63 11.03 10.44 14.78 7.16 26.5 7.03 10.8 8.82 12.15 31.66 25.08 10.87 15.79 16.67 23.48 28.03 19.53 19 19.76 20.02 22.39 18.14 28.06 25.27 13.3 25.63 16.75 7.59 22.99 21.67 26.77 11.09 17.32 0.45 7.47 11.09 0 3.53 8.57 
16.94 12.08 10.61 6.59 12.66 21.45 23.85 18.26 24.79 10.75 13.17 11.88 7 13.44 10.69 25.01 4 7.78 12.35 8.91 29.12 22.3 7.56 12.38 13.37 20.17 24.97 16.14 17.51 16.28 16.63 22.42 14.94 26.87 23.09 11.09 22.85 14.84 6.03 19.78 19.25 26.03 8.61 13.82 3.65 9.39 9.41 3.53 0 8.55 
9.08 3.61 16.36 14.02 15.08 16.55 20.73 13.78 19.47 2.3 15.52 3.85 10.62 6.99 12.22 18.43 12.01 8.71 13.44 15.73 25.22 19.62 14.37 18.05 14.35 20.45 23.41 17.37 11.14 21 17.83 13.96 15.01 19.71 18.27 7.66 20.15 9.77 3.84 19.46 15.41 18.22 7.04 16.65 8.16 4.86 4.85 8.57 8.55 0 
7.35 19.24 29.79 15.88 14.24 16.77 12.07 12.98 6.75 15.19 11.77 22.42 3.84 10.67 13.98 29.24 19.36 22.15 21.98 20.35 15.79 16.41 28.99 11.72 22.04 21.23 14.17 4.76 35.26 15.53 8.97 20.6 6.39 6.23 5.63 16.81 6.04 12.19 12.94 9.44 7.57 11.12 20.33 22.22 7.49 5.6 12.28 17.23 9.92 28.18 18.9 13.51 14.85 29.44 7.64 15.29 2.46 14.28 0.73 17.29 6.44 12.2 21.42 9.84 15.96 9.55 22.05 12.93 27.44 15.96 17.04 23.53 18.07 28.21 12.7 14.91 16.26 23.9 12.84 11.67 25.51 18.92 8.38 22.04 13.51 5.96 13.99 13.1 18.29 9.13 19.53 8.85 4.21 8.43 8.8 12.99 3.63 6.54 9 10.64 11.81 22.53 35.54 12.53 7.75 17.19 8.02 11.48 15.2 13.28 10.1 9.68 32.5 3.17 33.1 26.65 1.69 2.17 6.27 14.14 13.4 13.85 12.8 4.69 7.68 15.09 6.77 16.68 15.47 15.22 14.48 12.57 14.15 8.29 20.41 38.54 9.67 7.9 13.17 26.22 11.53 9.31 14 8.85 4.75 16.05 13.5 16.82 30.34 19.37 14.63 23.14 4.59 14.07 23.63 24.24 3.77 9.61 22.73 1.38 32.58 25.65 0.82 9.61 11.02 13.7 16.27 16.63 21.78 13.79 7.24 36.64 8.59 33.92 35.77 7.3 12.69 14.97 6.46 14.45 11.32 27.72 10.18 8.35 10.3 15.17 10.06 10.97 9.5 10.67 19.15 12.91 18.05 17.67 14.47 0.73 11.59 6.82 7.17 24.99 12.66 10.14 5.69 24.53 10.37 19.13 11.75 10.91 6.91 1.26 5.69 17.44 5.36 15.17 5.89 6 34.68 5.27 16.2 18 11.7 8.48 11.84 11.91 10.92 6.79 35.7 6.35 1.65 11.48 10.22 8.76 12.57 11.58 18.12 6.54 4.12 2.11 17.49 8.27 16.55 16.32 6.96 20.09 6.13 12.46 18.78 42.17 12.61 6.37 3.59 20.71 16.28 7.2 15.28 9.04 13.66 3.36 26.55 16.83 10.13 7.74 9.9 1.64 14.31 9.15 8.09 17.04 9.03 3.45 13.35 17.33 8.94 23.82 20.18 13.21 24.36 25.85 15.76 3.67 9.62 14.66 20.21 28.07 22.57 10.85 38.4 8.63 26.3 16 29.62 24.69 3.42 1.85 24.43 11.72 8.66 10.61 4.87 7.98 5.79 18.01 5.86 28.11 9.02 13.75 6.26 10.98 1.02 12.05 17.93 7.76 3.66 21.51 10.68 15.68 16.85 25.01 10.57 19.26 18.58 29.99 9.29 12.83 15.66 17.19 13.11 8.48 14.9 11.52 27.31 15.16 38.59 21.39 13.69 5.41 24.64 12.97 9.1 10.78 9.12 9.2 4.12 14.36 14.37 11.17 11.27 11.41 6.06 10.63 6.41 4.33 9.38 9.56 2.8 15.69 6.15 10.74 11.31 15.83 12.08 13.91 11.05 12.3 21.32 20.37 14.62 26.57 10.24 45.99 3.59 24.33 10.32 17.82 24.94 6.91 5.86 29.38 18.12 19.27 14.28 11.42 11.54 6.42 27.02 18.8 15.3 21.11 8.85 3.15 17.63 8.22 5.99 24.55 16.79 4.05 9.79 15.94 21.33 27.36 18.77 16.85 33.21 18.55 14.02 14.12 2.58 17.58 6.76 12.67 15.39 17.3 11.01 12.42 23.16 27.94 11.78 16.89 14.78 14.38 19.81 22.53 18.3 8.49 18.67 15.63 7.26 21.92 22.15 19.92 6.62 11.92 9.72 4.72 20.27 12.06 23.62 7.14 9.92 5.46 7.59 4.35 14.82 12.61 1.47 12.74 3.28 16.72 33.95 25.05 8.35 9.78 35.83 6.49 23.5 10.68 7.04 4.14 3.19 5 16.84 2.42 16.47 8.26 4.84 16.13 2.31 28.19 9.59 13.06 11.1 10.8 9.21 4.62 11.54 15.53 7.05 1.03 9.71 26.05 13.69 11.86 6.81 16.4 7.52 5.35 8.49 18.37 12.92 15.81 9.35 22.37 15.58 24.9 21.71 12.18 21.68 17.95 16.51 26.69 15.54 32.31 18.4 10.67 26.03 18.55 23.6 7.44 12.06 11.25 9.63 31.2 19.2 18.91 12.53 12.01 8.22 4.53 6.77 9.17 7.79 3.73 15.36 21.35 28.16 8.36 3.54 13.81 7.92 23.03 9.22 5.46 10.16 8.73 15.85 24.35 11.43 20.8 10.97 9.55 25.95 11.82 19.38 14.98 6.3 24.89 15.04 8.5 15.12 10.73 14.98 7.26 4.21 14.82 20.76 5.78 11.06 7.1 7.98 26.75 17.12 10.12 10.36 21.17 17.05 11.77 13.54 23.52 14.4 10.66 15 10.22 8.05 4.03 20.6 7.67 5.96 15.85 13.79 8.58 5.03 17.53 4.46 9.13 21.9 7.16 10.73 6.58 14.07 14.2 8.51 3 16.83 7.49 5.95 34.81 12.33 14.05 1.55 19.12 39.87 27.14 14.49 24.45 25.7 22.89 39.79 24.22 21.55 23.89 22.96 31.75 20.1 43.23 30.88 25.9 18.18 17.82 8.1 29.49 15.64 23.88 12.22 34.05 8.85 8.38 22.34 6.15 14.33 11.81 30.01 25 21.07 33.88 12.83 6.54 16.05 16.31 17.87 16.49 17.82 10.57 6.66 18.54 10.22 16.49 15.54 4.04 4.09 9.21 5.95 9.53 20.24 25.36 6.26 3.2 20.68 19.42 27.9 26.16 16.72 20.04 30.51 22.02 5.02 22.64 4.63 18.73 32.59 2.97 6.74 10.66 15.97 34.64 10.39 20.36 17.37 22.34 25.28 16.37 32.28 23.53 9 15.37 16.64 4.81 22.52 16.39 27.98 14.18 9.19 3.78 17.61 15.04 9.59 3.52 17.79 27.87 4.61 30.24 7.95 7.55 12.54 4.63 16.09 19.06 12.89 13.44 8.69 7.07 12 10.32 14.12 16.13 4.59 9.18 4.73 4.91 15.46 16.66 20.09 1.21 6.8 9.67 10.3 6.34 12.93 9.12 11.28 14.36 36.78 47.66 23.35 35.76 18.84 30.52 36.42 17.82 13.64 33.81 17.87 27.31 18.39 34.55 20.07 29.35 48.46 12.94 18.95 38.94 39.7 28.86 19.6 36.28 9.62 7.08 13.97 5.78 10.67 18.14 17.07 22.63 0.93 3.56 13.19 16.12 21.81 16.19 26.85 4.75 14.97 25.25 7.2 29.98 14.47 9.53 17.17 24.74 10.69 14.09 25.52 41.97 6.62 5.12 8.62 16.45 11.83 13.74 8.79 19.21 7.33 33.09 38.38 19.51 8.38 10.42 19.51 13.14 31.16 23.76 17.52 15.87 13.8 10.78 10.72 8.73 19.57 32.28 6.38 6.89 24.91 28.84 25.44 28.71 41.55 21.83 26.18 40.46 23.98 28.8 12.07 10.88 5.58 4.5 13.95 7.36 21.72 7.43 14.35 6.83 19.95 5.96 8.14 0.82 10.27 12.71 6.39 6.1 18.09 7.02 6.65 34.92 21.9 22.12 30.99 17.95 15.72 7.06 8.6 10.08 15.51 7.19 29.39 6.99 9.62 14.58 6.76 34.85 11.95 11.74 26.3 17.07 15.91 9.34 11.16 31.2 7.71 6.43 12.15 16.47 10.64 13.42 8.55 18.08 12.09 12.56 16.17 5.27 28.13 5.71 6.85 28.01 10.27 35.12 17.49 21.29 23.23 19.23 19.67 9.11 16.34 25.59 8.67 7.78 23.3 20.61 11.32 21.11 16.84 24.37 7.41 8.16 3.22 13.77 10.36 5.11 13.92 2.32 25.43 16.66 8.03 11.56 8.06 13.03 6.89 10.62 27.29 6.35 2.41 24.35 17.75 4.97 21.91 14.85 19.82 5.92 2.18 10.14 8.55 5.02 35.47 3.97 22.65 16.14 7.41 7.69 11.88 11.58 1.33 10.06 21.75 16.74 10.57 27.54 28.03 9.51 19.12 17.2 22.07 10.15 20.94 15.45 7.84 15.93 12.61 15.56 11.48 9.97 6.01 21.48 19.61 3.67 8.53 12.53 25.42 15.17 21.85 18.73 21.23 30.35 18.11 18.67 16.41 5.04 0.72 20.73 2.83 23.61 7.77 14.47 10.71 6.5 11.76 5.45 10.39 12.42 6.58 2.1 27.53 13.7 6.5 17.8 12.85 23.12 12.63 17.44 13.18 13.54 5.55 7.61 8.44 16.27 5.02 15.61 19.47 6 6.96 7.17 23.09 15.99 17.27 9.62 27.33 10.69 14.43 5.68 34.41 11.1 28.34 11.53 15.67 12.38 27.21 14.15 6.93 17.08 43.25 17.11 6.2 13.04 33.47 9.7 16.83 13.4 17.5 25.51 2.66 24.16 16.98 11.07 7.45 9.75 11.92 4.97 9.47 19.67 14.84 4.25 23.07 17.26 14.94 23.69 20.67 19.39 12.83 6.31 15.19 8.39 19.65 10.6 14.45 13.94 16.55 9.14 24.03 26.1 21.21 11.1 16 14.2 31.95 18.71 19.37 14.68 3.89 8.51 6.72 15.79 5.9 5.94 14.46 4.25 3.16 12.28 20.57 5.68 11.9 18.63 17.1 6.55 22.13 13.12 12.45 26.89 19.12 12.12 2.52 22.58 14.54 18.66 30.43 10.04 39.25 22.98 29.47 11.06 8.78 11.74 11.67 7.87 6.13 16.08 10.99 13.21 35.74 13.97 10.94 33.93 21.26 19.66 9.42 2.08 6.67 6.26 12.57 10.72 2.74 15.79 12.36 12.57 2.57 10.96 11.25 10.76 6.93 22.61 7.5 6.2 11.02 13.38 11.93 28.71 30.95 20.03 23.57 33.66 19.31 9.77 14.87 6.96 14.93 6.7 12.63 8.67 20.99 8.41 14.88 15.48 6.71 21.62 14.4 13.63 2.59 19.4 9.99 8.61 4.17 4.63 3.62 3.55 10.09 12.97 15.06 9.52 27.68 31 17.84 24.08 23.35 12.6 12.16 15.05 8.11 10.92 29.74 8.48 17.58 18.96 17.58 25.46 19.89 13.51 25.25 15.07 25.98 13.29 17.68 12.17 5.82 7.68 1.54 15.06 9.79 5.95 13.38 22.16 6.39 10.78 16.65 24.01 3.87 15.66 0.67 2.53 9.03 13.83 10.78 7.96 6.47 8.24 6.99 4.52 2.46 5.7 10.67 
2.2 1.06 2.53 1.1 1.28 1.89 2.28 2.22 1.89 2.19 2.93 2.66 2.14 1.84 1.34 2.06 2.16 2.84 2.31 2.76 1.01 2.57 2.09 2.16 2.16 1.54 2.07 2.3 1.75 2.44 1.61 2.02 1.72 1.49 1.31 1.58 1.65 2.61 1.42 2.53 1.21 2.64 2.56 1.82 1.59 2.77 1.49 1.27 1.37 1.23 1.56 1.09 1.53 2.65 1.85 2.69 2.81 1.71 1.05 2.03 2.27 2.16 2.24 1.58 2.01 2.21 2.33 1.48 1.22 2.85 2.12 2.83 2.81 2.64 1.32 2.4 2.34 1.68 2.24 1.41 2.5 2.07 2.04 1.56 1.55 1.01 2.3 1.71 1.24 2.92 2.49 1.18 2.74 2.07 2.99 1.81 2.01 2.27 2.36 2.88 1.42 2.85 1.46 2.79 2.33 1.88 2.74 1.26 2.48 1.77 1.32 2.68 1.94 1.86 2 1.74 1.97 1.55 2.04 2.18 2.6 2.4 1.4 2.21 2.84 2.84 1.12 2.51 1.79 1.6 2.98 1 2.58 2.01 1.49 2.82 2.6 1.12 1.11 2.33 1.15 1.06 1.53 2.43 1.28 1.95 2.51 2.3 2.68 3 2.64 2.18 1.19 2.32 1.68 2.56 1.13 1.96 2.95 2.37 2.35 1.12 2.89 1.95 2.08 2.74 1.28 2.53 1.36 2.05 1.96 2.51 2.51 2.68 2.77 2.91 1.04 2.92 1.79 2.96 2.53 1.26 2.61 2.67 2.25 1.91 2.24 2.57 1.23 2.02 1.78 1.3 1.61 2.91 1.85 2.95 2.27 2.27 2.85 2.37 1.3 1.38 1.7 1.7 1.57 2.65 1.77 1.4 2.65 2.19 1.07 2.27 1.42 1.16 1.53 1.74 2.01 1.41 1.01 1.65 1.83 2.68 1.9 1.98 2.67 1.8 2.52 2.01 2.52 3 1.29 1.91 2.23 2.84 1.8 2.79 2.55 2.1 2.39 2.26 2.6 2.24 2.47 1.97 2.21 2.51 1.99 2.4 1.77 2.01 2.99 2.2 2.49 2.49 2.66 2.22 1.43 1.84 2.51 2.45 1.23 2.22 2.63 1.66 2.86 1.09 2.63 1.67 2.58 1.16 1.35 2.61 2.43 2.52 1.25 2.63 2.73 2.19 1.49 2.68 1.69 1.93 2.03 1.63 1.87 1.08 2.35 2.81 2.97 1.99 2.58 2.32 1.78 2.29 1.92 1.17 2.89 1.98 1.68 1.26 1.7 2.91 2.57 2.85 2.61 1.53 1.5 1.96 1.88 2.03 2.63 1.53 1.08 2.37 1.16 2.38 1.55 2.97 2.24 1.47 1.17 2.17 2.33 2.82 2.56 2.6 1.28 2.92 1.19 2.07 1.34 1.48 1.05 1.37 2.78 2.17 2.66 2.68 2.49 2.63 1.53 2.89 2.97 1.12 2.17 1.61 2.24 1.8 2.17 1.79 2.75 1.08 1.15 1.38 2.58 2.06 2.84 1.43 1.73 2.56 1.39 1.17 1.07 1.25 2.84 1.66 1.87 2.92 1.03 2.47 2.37 2.26 2.6 2.56 1.03 2.37 2.23 2.79 2.2 2.34 1.35 2.15 1.04 1.28 2.83 1.61 2.9 1.2 1.07 2.15 1.36 2.43 2.29 1.98 1.29 2.41 2.09 1.93 2.54 2.37 1.27 2.3 2.33 1.47 2.86 1.91 2.4 1.34 1.44 2.1 1 1.36 1.72 1.58 1.57 3 1.23 1.77 2.01 2.4 2.63 1.09 1.15 2.22 1.66 2.16 1.4 1.89 2.96 1.23 2.68 2.78 1.89 2.75 2.54 1.99 1.23 2.82 1.64 1.02 1.12 2.87 1.62 1.3 2.88 2.73 1.51 1.9 2.41 1.83 1.61 2.86 1.81 1.61 1.21 2.37 2.21 2.54 1.93 1.59 2.57 1.62 1.03 1.38 2.31 1.19 2.17 2.37 1.64 2 2.34 1.52 1.46 1.23 1.87 1.52 1.46 1.11 1.28 2.82 1.23 2.8 2.34 2.65 2.1 2.04 2.6 2.45 1.64 2.68 2.24 2.44 1.02 2.2 1.45 2.53 1.03 2.16 1.43 2.34 2.87 1.45 2.97 1.82 1.73 2.38 2.79 2.42 1.09 1.44 2.09 1.49 1.78 2.6 1.91 2.95 1.77 1.68 1.42 2.97 2.8 1.42 2.74 2.29 1.47 1.1 2.77 1.44 1.65 1.04 1.51 2.57 2.88 1.91 1.13 1.94 2.16 2.6 2.3 1.48 2.38 1.2 2.33 2.79 1.05 2.2 1.03 1.99 2.27 2.9 2.67 1.43 1.36 2.42 2.96 2.11 2.04 1.4 2.78 2.48 2.58 2.36 2.53 2.68 2.45 1.24 1.44 2.91 2.06 1.07 1.32 1.02 2.97 1.03 1.26 2.34 1.01 1.57 1.32 2.82 1.88 1.04 2.36 2.45 2.08 2.42 1.24 1.7 1.84 1.13 2.23 2.83 1.28 1.54 1.8 1.27 1.49 2.26 1.38 2.78 1.58 2 1.75 2.46 1.46 2.47 1.21 1.01 2.66 1.72 1.52 1.59 2.08 2.46 1.69 1.43 2.73 1.12 1.02 2.09 2.95 1.47 1.01 2.77 2.38 1.11 1.34 2.04 2.85 2.86 1.56 2.54 2.02 2.66 2.56 2.2 1.51 2.15 1.5 2.61 2 2.53 1.3 1.57 1.12 2.45 2.61 3 2.05 1.23 2.81 1.08 2.51 2.4 1.87 1.66 1.24 2.47 2.49 1.69 2.48 1.85 1.48 2.26 1.63 1.17 1.67 1.68 1.68 1.67 2.42 1.84 2.05 1.05 1.31 2.76 2.48 1.4 2.18 2.59 1.74 2.45 2.01 1.65 2.71 1.12 2.65 1.68 2.45 2.13 1.35 1.8 1.16 1.11 1.74 2.92 1.62 2.8 2.01 1.28 1.61 1.61 1.29 2.5 2.76 1.16 1.28 2.41 2.49 2.63 2.52 2.83 2.63 1.54 1.01 1.64 2.56 1.7 2.14 2.18 1.41 1.48 1.11 1.02 2.77 1.42 1.94 2.57 2.29 1.76 1.52 2.37 1.93 1.53 2.4 1.39 1.13 1.94 1.9 2.7 2.48 2.5 2.64 1.18 2.42 2.21 1.25 1.98 2.28 1.12 2.19 1.43 2.75 1.09 1.98 1.09 2.28 2.62 2.52 2.25 2.89 1.29 1.16 1.42 2.32 2.1 1.03 2.28 1.25 1.23 2.8 2.65 2.91 2.29 2.64 2.19 1.83 1.1 1.22 2.53 2.93 1.65 1.58 2.66 1.84 2.37 1.09 2.58 1.44 1.63 1.13 1.98 1.55 1.55 2.82 1.77 1.29 2.82 1.55 1.95 1.99 2.07 2.7 2.55 1.07 2.41 1.54 1.38 2.62 2.01 2.37 2.29 2.68 2.24 2.07 2.17 1.23 1.75 2.65 1.14 1.16 2.19 2.33 2.79 1.65 1.8 1.47 1.84 2.56 2.26 1.26 2.12 1.38 2.41 1.24 1.48 1.35 2.14 1.41 1.3 1.55 1.65 1.02 1.03 2.6 2.99 2.55 1.27 2.43 2.76 1.89 1.45 1.34 1.19 1.67 2.68 1.37 2.19 3 1.04 2.67 2.14 2.49 1.7 2.47 1.23 1.17 1.62 1.11 1.9 1.31 1.47 2.4 1.69 2.68 1.79 2.81 1.04 2.81 2.2 1.92 1.85 2.93 1.18 2.83 2.46 1.64 2.75 1.99 2.04 2.42 1.83 1.26 2.93 2.45 2.32 1.21 2.45 2.16 2.07 2.79 2.92 1.29 2.4 1.82 2.87 1.77 2.39 2.46 2.51 1.58 2.26 1.2 2.46 3 2.96 1.5 2.88 1.9 2.94 1.73 1.46 1.57 1.49 1.01 2.27 1.53 2.86 2.63 1.02 2.86 1.07 1.71 1.64 2.43 1.59 1.67 2.9 1.75 1.72 1.68 2.39 2.78 1.67 2.72 1.06 2.24 2.44 2.23 2.22 2.94 2.3 1.81 1.76 1.42 2.49 1.51 2.75 1.02 1.04 2.71 1.02 2.97 1.7 2.23 1.31 2.77 1.65 2.63 2.46 1 1.78 1.59 2.83 1.13 1.79 2.06 1.1 1.91 2.24 2.91 1.33 2.32 2.89 2.58 1.05 1.97 2.22 1.33 1.92 1.24 1.65 2.42 1.28 1.15 2.12 1.71 2.4 1.34 2.05 2.45 1.31 1.01 1.35 2.26 2.95 2.55 2.9 1.63 1.09 2.06 2.09 2.33 2.15 2.68 1.74 1.17 2.67 2.01 1.13 2.16 2.45 1.49 2.47 1.78 1.85 1.14 1.55 2.57 2.07 2.3 1.28 1.84 2.21 2.18 2.37 2.89 2.78 1.7 2.2 1.02 2.49 2.03 2.61 2.45 1.35 1.47 2.81 1.86 2.73 1.65 2.59 2.61 1.86 2.07 2.32 1.77 1.64 1.56 2.04 2.16 2.84 2.62 2.99 2.64 2.74 1.94 1.82 1.55 1.38 2.5 1.97 2.63 1.73 1.86 1.41 2.09 2.92 1.3 1.18 1.94 2.48 1.65 2.96 2.23 2.76 2.29 2.89 2.43 2.7 2.15 2.82 2.89 1.93 2.33 1.59 1.53 1.75 2.73 1.5 1.37 2.97 1.73 1.56 2.04 2.29 2.86 1.16 1.19 1.64 1.71 2.88 1.61 2.11 2.06 1.68 1.72 2.75 2.47 1.03 2.69 1.91 1.59 2 2.02 1.72 2.58 2.64 2.29 2.86 1.95 2.34 2.42 2.52 1.19 1.2 1.71 2.63 1.11 1.59 2.52 1.34 1.3 2.98 2.13 2.9 1.78 1.12 2.7 2.42 1.88 2.52 2.57 1.27 1.46 2.8 2.02 1.53 1.4 2.7 1.64 2.85 2.13 2.29 1.94 2.15 1.67 2.21 1.08 2.22 1.88 1.26 2.04 2.92 1.58 1.37 1.72 1.04 2.76 2.77 1.77 1.31 2.87 2.09 1.12 1.72 2.62 1.25 2.24 1.77 1.83 1.26 1.33 1.41 2.62 2.22 1.97 1.01 1.01 2.8 2.75 1.55 1.25 1.85 2.54 2.13 1.14 1.22 1.68 1.72 1.9 2.94 2.52 2.07 2.76 1.54 2.26 1.25 2.62 2.64 3 1.67 1.92 2.88 2.15 
