50 1225
5.8 6.43 11.03
40873.6
61 72 1 32 35 53 87 59 36 9 85 1 2 40 41 33 20 13 97 51 94 28 27 18 98 43 64 17 31 91 88 86 39 41 77 65 11 33 55 65 74 59 79 16 20 25 66 72 40 36 
0 10.24 11.11 16.66 24.9 21.04 17.48 16.57 24.38 21.67 9.07 9.83 11.64 20.18 8.2 6.43 6.79 20.15 5.8 16.89 23.77 18.53 20.79 24.25 10.26 19.76 19.71 12.19 19.22 16.26 27.06 18.92 9.15 23.03 19.14 22.21 8.42 12.74 18.65 9.27 19.91 19.59 18.2 8.9 9.26 14.93 16.56 9.5 21.33 19.14 
10.24 0 15.66 7.67 19 20.26 10.84 11.38 15.62 22.4 16.01 20.06 10.54 10.76 6.11 9.93 3.73 13.48 5.12 12.04 17.01 21.21 13.55 18.59 1.4 14.93 21.43 12.58 9.01 10.6 18.76 13.08 19.38 14.39 10.9 12.08 3.11 10.05 10.3 19.33 14.97 9.51 10.58 9.32 12.57 7.87 16.12 19.33 16.23 10.56 
11.11 15.66 0 23.33 19.66 11.63 15.16 13.04 23.07 11.2 3.68 14.68 7.25 26.25 17.6 17.37 12.46 16.93 11.15 26.32 19.76 7.49 18.1 18.85 16.63 14.56 8.92 5.49 22.41 25.26 24.58 15.13 14.28 21.77 26.53 24.53 16.07 22.73 25.95 11.8 14.77 22.08 16.78 19.42 3.11 14.28 7.98 10.73 15.96 26.22 
16.66 7.67 23.33 0 22.83 26.84 15.43 16.9 16.62 29.35 23.57 26.04 17.82 3.59 9.22 13.48 11.15 17.46 12.57 7.63 20.33 28.64 16.95 22.67 6.84 20.08 28.66 19.96 7.18 6 20.02 17.83 25.38 15.82 3.39 9.9 8.26 8.91 2.78 25.92 20.04 8.49 14.3 11.26 20.24 13 23.07 26.13 21.02 2.91 
24.9 19 19.66 22.83 0 11.36 8.17 8.35 8.65 14.74 22.99 32.92 13.79 23.2 24.98 28.07 19.71 5.55 19.82 29.92 2.73 17.89 5.88 0.83 20.32 5.29 16.25 14.5 16.49 28.28 7.33 6.11 32.36 8.38 25.83 15.71 21.95 28.93 25.3 30.6 5.11 15.18 8.67 28.16 18.2 11.14 12.11 29.79 3.75 25.04 
21.04 20.26 11.63 26.84 11.36 0 12.48 10.34 18.44 3.43 15.3 26.3 10.17 28.61 24.84 26.31 18.81 12.19 18.1 32.3 12.94 6.92 13.49 10.59 21.63 8.49 5.03 8.92 22.69 30.86 18.32 10.64 25.88 17.54 30.22 23.4 22.27 29.81 29.62 23.42 8.67 21.74 14.27 27.54 11.97 14.05 4.53 22.32 8.87 29.62 
17.48 10.84 15.16 15.43 8.17 12.48 0 2.39 7.92 15.6 17.75 26.33 7.99 16.55 16.81 20.02 11.72 2.75 12.02 22.09 6.42 16.69 3.34 7.76 12.17 4.67 15.85 9.72 10.28 20.48 9.86 2.4 25.71 6.62 18.66 10.97 13.79 20.81 18.09 24.42 4.63 9.26 1.86 20 12.74 2.98 10.08 23.84 5.63 17.95 
16.57 11.38 13.04 16.9 8.35 10.34 2.39 0 10.08 13.34 15.83 24.96 6.07 18.36 17.05 19.84 11.48 3.97 11.5 23.12 7.33 14.31 5.07 7.75 12.77 3.58 13.49 7.55 12.36 21.56 11.62 2.39 24.36 8.83 20.22 13.28 14.09 21.43 19.63 22.86 3.65 11.44 4.24 20.16 10.83 3.9 7.7 22.19 5 19.56 
24.38 15.62 23.07 16.62 8.65 18.44 7.92 10.08 0 21.84 25.64 33.73 15.92 15.98 21.6 25.54 17.89 6.52 18.61 24.21 6.04 23.87 5.19 9.02 16.6 10.04 22.69 17.61 9.5 22.55 3.4 8.34 33.08 1.37 19.07 7.68 18.71 24.35 18.63 32.04 9.84 8.15 6.48 24.76 20.65 9.62 17.3 31.55 9.61 18.22 
21.67 22.4 11.2 29.35 14.74 3.43 15.6 13.34 21.84 0 14.7 25.67 11.91 31.35 26.44 27.4 20.48 15.53 19.58 34.34 16.37 4.63 16.84 13.98 23.71 11.85 2.57 10.17 25.67 32.97 21.75 13.91 25.32 20.92 32.73 26.56 24.08 31.53 32.13 22.64 12.03 24.78 17.43 28.93 12.42 16.86 6.29 21.45 12.29 32.18 
9.07 16.01 3.68 23.57 22.99 15.3 17.75 15.83 25.64 14.7 0 11.03 9.78 26.77 16.62 15.51 12.42 19.8 11 25.48 22.87 10.63 20.88 22.2 16.73 17.78 12.3 8.52 23.75 24.61 27.45 18.07 10.65 24.31 26.57 26.18 15.69 21.56 26.01 8.12 17.99 23.62 19.21 17.9 5.01 16.38 11.6 7.06 19.25 26.37 
9.83 20.06 14.68 26.04 32.92 26.3 26.33 24.96 33.73 25.67 11.03 0 19.14 29.63 16.96 13.31 16.59 28.82 15.48 24.58 32.28 21.4 29.67 32.18 20 27.63 23.21 18.67 29.05 24.42 36.15 27.34 0.68 32.36 28.13 32.03 18.01 20.19 27.71 3.16 27.81 29.41 27.35 16.15 14.93 24.12 22.39 4.46 29.19 28.28 
11.64 10.54 7.25 17.82 13.79 10.17 7.99 6.07 15.92 11.91 9.78 19.14 0 20.26 14.67 16.27 8.65 10.05 7.94 22.42 13.27 10.83 11.11 13.06 11.83 8.5 10.89 2.22 15.59 21.08 17.68 8.38 18.57 14.59 21.18 17.45 12.19 19.69 20.58 16.89 8.68 15.1 9.55 17.38 4.77 7.08 5.74 16.17 10.06 20.71 
20.18 10.76 26.25 3.59 23.2 28.61 16.55 18.36 15.98 31.35 26.77 29.63 20.26 0 12.8 17.04 14.4 18.17 15.82 9.65 20.56 31.07 17.41 23.17 10.15 21.21 30.91 22.46 6.73 8.25 19.29 18.87 28.96 15.45 3.44 8.49 11.76 11.98 3.24 29.45 21.14 8.06 15.12 14.72 23.15 14.57 25.17 29.63 21.94 2.6 
8.2 6.11 17.6 9.22 24.98 24.84 16.81 17.05 21.6 26.44 16.62 16.96 14.67 12.8 0 4.4 6.03 19.51 6.87 8.85 23.08 24.35 19.63 24.53 5 20.63 25.02 16.27 13.93 8.08 24.81 18.96 16.31 20.41 11.18 17.11 3.03 5.17 10.75 17.18 20.7 14.77 16.68 3.21 14.87 13.84 20.41 17.59 22.02 11.32 
6.43 9.93 17.37 13.48 28.07 26.31 20.02 19.84 25.54 27.4 15.51 13.31 16.27 17.04 4.4 0 8.37 22.77 8.49 11.32 26.42 24.65 23.07 27.54 9.09 23.35 25.65 17.42 18.27 11.11 28.64 21.97 12.7 24.3 15.07 21.45 6.88 6.94 14.71 14.1 23.45 19.06 20.17 2.87 15.13 17.1 21.78 14.75 24.84 15.33 
6.79 3.73 12.46 11.15 19.71 18.81 11.72 11.48 17.89 20.48 12.42 16.59 8.65 14.4 6.03 8.37 0 14.47 1.42 14.08 18.13 18.66 14.87 19.18 4.31 15.01 19.17 10.33 12.51 12.9 20.77 13.61 15.91 16.57 14.18 15.45 3.69 11.05 13.62 15.68 15.1 12.82 12.05 8.88 9.47 8.86 14.39 15.63 16.48 13.96 
20.15 13.48 16.93 17.46 5.55 12.19 2.75 3.97 6.52 15.53 19.8 28.82 10.05 18.17 19.51 22.77 14.47 0 14.75 24.42 3.67 17.36 1.33 5.26 14.79 3.71 16.22 11.45 11.57 22.78 7.67 1.85 28.21 5.44 20.57 11.52 16.48 23.38 20.02 26.8 3.54 10.37 3.18 22.7 14.8 5.69 10.78 26.15 3.87 19.82 
5.8 5.12 11.15 12.57 19.82 18.1 12.02 11.5 18.61 19.58 11 15.48 7.94 15.82 6.87 8.49 1.42 14.75 0 15.25 18.41 17.55 15.26 19.25 5.73 14.93 18.15 9.41 13.74 14.13 21.37 13.73 14.81 17.27 15.59 16.62 4.92 12.01 15.02 14.42 15.05 13.98 12.55 9.44 8.21 9.29 13.62 14.32 16.45 15.37 
16.89 12.04 26.32 7.63 29.92 32.3 22.09 23.12 24.21 34.34 25.48 24.58 22.42 9.65 8.85 11.32 14.08 24.42 15.25 0 27.55 32.74 24.09 29.68 10.67 26.56 33.19 24.31 14.81 1.66 27.61 24.48 23.98 23.35 6.31 17.48 10.39 4.39 6.41 25.39 26.57 16.11 21.26 8.45 23.46 19.33 28.1 25.97 27.7 7.07 
23.77 17.01 19.76 20.33 2.73 12.94 6.42 7.33 6.04 16.37 22.87 32.28 13.27 20.56 23.08 26.42 18.13 3.67 18.41 27.55 0 19.02 3.5 2.99 18.28 5.28 17.57 14.37 13.83 25.9 5.39 4.94 31.68 5.67 23.26 12.98 20.05 26.78 22.74 30.14 5.06 12.51 6.46 26.29 17.92 9.32 12.78 29.43 4.2 22.46 
18.53 21.21 7.49 28.64 17.89 6.92 16.69 14.31 23.87 4.63 10.63 21.4 10.83 31.07 24.35 24.65 18.66 17.36 17.55 32.74 19.02 0 18.69 17.08 22.41 13.94 2.08 8.67 26.04 31.52 24.37 15.56 21.1 22.78 31.99 27.46 22.36 29.51 31.38 18.31 14.15 25.36 18.55 26.5 9.56 17.16 6.63 17.08 14.82 31.53 
20.79 13.55 18.1 16.95 5.88 13.49 3.34 5.07 5.19 16.84 20.88 29.67 11.11 17.41 19.63 23.07 14.87 1.33 15.26 24.09 3.5 18.69 0 5.77 14.8 5 17.56 12.62 10.74 22.44 6.58 3.15 29.05 4.11 19.96 10.43 16.61 23.28 19.43 27.73 4.82 9.48 2.97 22.84 15.88 6.01 12.11 27.12 4.97 19.18 
24.25 18.59 18.85 22.67 0.83 10.59 7.76 7.75 9.02 13.98 22.2 32.18 13.06 23.17 24.53 27.54 19.18 5.26 19.25 29.68 2.99 17.08 5.77 0 19.93 4.56 15.45 13.71 16.48 28.04 7.95 5.59 31.62 8.63 25.72 15.86 21.51 28.57 25.19 29.83 4.39 15.19 8.42 27.7 17.43 10.72 11.29 29.02 3 24.95 
10.26 1.4 16.63 6.84 20.32 21.63 12.17 12.77 16.6 23.71 16.73 20 11.83 10.15 5 9.09 4.31 14.79 5.73 10.67 18.28 22.41 14.8 19.93 0 16.32 22.69 13.81 9.35 9.26 19.81 14.44 19.32 15.41 9.91 12.5 2.23 8.67 9.34 19.49 16.36 10.02 11.83 8.18 13.58 9.22 17.46 19.58 17.61 9.66 
19.76 14.93 14.56 20.08 5.29 8.49 4.67 3.58 10.04 11.85 17.78 27.63 8.5 21.21 20.63 23.35 15.01 3.71 14.93 26.56 5.28 13.94 5 4.56 16.32 0 12.66 9.27 14.82 24.98 10.49 2.36 27.06 9.08 23.33 15.11 17.66 24.98 22.75 25.31 0.22 13.72 6.17 23.73 12.93 7.24 7.53 24.52 1.58 22.62 
19.71 21.43 8.92 28.66 16.25 5.03 15.85 13.49 22.69 2.57 12.3 23.21 10.89 30.91 25.02 25.65 19.17 16.22 18.15 33.19 17.57 2.08 17.56 15.45 22.69 12.66 0 8.89 25.57 31.9 22.95 14.48 22.88 21.66 32.04 26.76 22.84 30.16 31.43 20.16 12.87 24.8 17.71 27.34 10.52 16.67 5.85 18.94 13.39 31.54 
12.19 12.58 5.49 19.96 14.5 8.92 9.72 7.55 17.61 10.17 8.52 18.67 2.22 22.46 16.27 17.42 10.33 11.45 9.41 24.31 14.37 8.67 12.62 13.71 13.81 9.27 8.89 0 17.79 23.01 19.11 9.66 18.15 16.32 23.31 19.59 13.97 21.37 22.71 16.17 9.47 17.27 11.4 18.79 3.75 9.18 4.39 15.31 10.75 22.86 
19.22 9.01 22.41 7.18 16.49 22.69 10.28 12.36 9.5 25.67 23.75 29.05 15.59 6.73 13.93 18.27 12.51 11.57 13.74 14.81 13.83 26.04 10.74 16.48 9.35 14.82 25.57 17.79 0 13.17 12.88 12.46 28.37 8.81 9.61 3.18 11.56 15.5 9.15 28.16 14.73 1.36 8.66 16.78 19.38 8.9 19.72 28.04 15.41 8.77 
16.26 10.6 25.26 6 28.28 30.86 20.48 21.56 22.55 32.97 24.61 24.42 21.08 8.25 8.08 11.11 12.9 22.78 14.13 1.66 25.9 31.52 22.44 28.04 9.26 24.98 31.9 23.01 13.17 0 25.96 22.87 23.8 21.69 5.06 15.88 9.22 4.46 5.04 25.02 24.98 14.46 19.62 8.29 22.34 17.74 26.72 25.53 26.1 5.73 
27.06 18.76 24.58 20.02 7.33 18.32 9.86 11.62 3.4 21.75 27.45 36.15 17.68 19.29 24.81 28.64 20.77 7.67 21.37 27.61 5.39 24.37 6.58 7.95 19.81 10.49 22.95 19.11 12.88 25.96 0 9.45 35.53 4.41 22.43 10.87 21.87 27.7 22 34.28 10.27 11.54 8.86 27.99 22.44 12.13 18.02 33.69 9.57 21.58 
18.92 13.08 15.13 17.83 6.11 10.64 2.4 2.39 8.34 13.91 18.07 27.34 8.38 18.87 18.96 21.97 13.61 1.85 13.73 24.48 4.94 15.56 3.15 5.59 14.44 2.36 14.48 9.66 12.46 22.87 9.45 0 26.74 7.22 21.05 12.8 15.95 23.11 20.48 25.22 2.28 11.36 3.81 22.12 13.09 5.23 8.96 24.53 3.23 20.33 
9.15 19.38 14.28 25.38 32.36 25.88 25.71 24.36 33.08 25.32 10.65 0.68 18.57 28.96 16.31 12.7 15.91 28.21 14.81 23.98 31.68 21.1 29.05 31.62 19.32 27.06 22.88 18.15 28.37 23.8 35.53 26.74 0 31.72 27.48 31.36 17.33 19.59 27.06 3.03 27.25 28.73 26.71 15.55 14.42 23.48 21.92 4.35 28.62 27.62 
23.03 14.39 21.77 15.82 8.38 17.54 6.62 8.83 1.37 20.92 24.31 32.36 14.59 15.45 20.41 24.3 16.57 5.44 17.27 23.35 5.67 22.78 4.11 8.63 15.41 9.08 21.66 16.32 8.81 21.69 4.41 7.22 31.72 0 18.42 7.42 17.49 23.31 17.96 30.68 8.89 7.45 5.12 23.58 19.32 8.25 16.18 30.19 8.81 17.58 
19.14 10.9 26.53 3.39 25.83 30.22 18.66 20.22 19.07 32.73 26.57 28.13 21.18 3.44 11.18 15.07 14.18 20.57 15.59 6.31 23.26 31.99 19.96 25.72 9.91 23.33 32.04 23.31 9.61 5.06 22.43 21.05 27.48 18.42 0 11.78 10.96 9.21 0.61 28.3 23.29 10.97 17.43 12.48 23.46 16.33 26.46 28.63 24.22 0.86 
22.21 12.08 24.53 9.9 15.71 23.4 10.97 13.28 7.68 26.56 26.18 32.03 17.45 8.49 17.11 21.45 15.45 11.52 16.62 17.48 12.98 27.46 10.43 15.86 12.5 15.11 26.76 19.59 3.18 15.88 10.87 12.8 31.36 7.42 11.78 0 14.72 18.53 11.42 31.02 14.97 2.64 9.14 19.95 21.6 10.42 20.93 30.84 15.37 10.92 
8.42 3.11 16.07 8.26 21.95 22.27 13.79 14.09 18.71 24.08 15.69 18.01 12.19 11.76 3.03 6.88 3.69 16.48 4.92 10.39 20.05 22.36 16.61 21.51 2.23 17.66 22.84 13.97 11.56 9.22 21.87 15.95 17.33 17.49 10.96 14.72 0 7.55 10.43 17.69 17.73 12.25 13.65 6.24 13.13 10.81 17.92 17.88 19.04 10.86 
12.74 10.05 22.73 8.91 28.93 29.81 20.81 21.43 24.35 31.53 21.56 20.19 19.69 11.98 5.17 6.94 11.05 23.38 12.01 4.39 26.78 29.51 23.28 28.57 8.67 24.98 30.16 21.37 15.5 4.46 27.7 23.11 19.59 23.31 9.21 18.53 7.55 0 9.03 21.03 25.03 16.64 20.34 4.07 20.03 17.88 25.43 21.64 26.28 9.72 
18.65 10.3 25.95 2.78 25.3 29.62 18.09 19.63 18.63 32.13 26.01 27.71 20.58 3.24 10.75 14.71 13.62 20.02 15.02 6.41 22.74 31.38 19.43 25.19 9.34 22.75 31.43 22.71 9.15 5.04 22 20.48 27.06 17.96 0.61 11.42 10.43 9.03 0 27.84 22.71 10.51 16.87 12.18 22.87 15.74 25.86 28.15 23.65 0.69 
9.27 19.33 11.8 25.92 30.6 23.42 24.42 22.86 32.04 22.64 8.12 3.16 16.89 29.45 17.18 14.1 15.68 26.8 14.42 25.39 30.14 18.31 27.73 29.83 19.49 25.31 20.16 16.17 28.16 25.02 34.28 25.22 3.03 30.68 28.3 31.02 17.69 21.03 27.84 0 25.51 28.38 25.59 16.96 12.43 22.44 19.66 1.32 26.84 28.36 
19.91 14.97 14.77 20.04 5.11 8.67 4.63 3.65 9.84 12.03 17.99 27.81 8.68 21.14 20.7 23.45 15.1 3.54 15.05 26.57 5.06 14.15 4.82 4.39 16.36 0.22 12.87 9.47 14.73 24.98 10.27 2.28 27.25 8.89 23.29 14.97 17.73 25.03 22.71 25.51 0 13.62 6.07 23.81 13.14 7.25 7.75 24.72 1.42 22.58 
19.59 9.51 22.08 8.49 15.18 21.74 9.26 11.44 8.15 24.78 23.62 29.41 15.1 8.06 14.77 19.06 12.82 10.37 13.98 16.11 12.51 25.36 9.48 15.19 10.02 13.72 24.8 17.27 1.36 14.46 11.54 11.36 28.73 7.45 10.97 2.64 12.25 16.64 10.51 28.38 13.62 0 7.56 17.71 19.1 8.2 18.94 28.2 14.23 10.13 
18.2 10.58 16.78 14.3 8.67 14.27 1.86 4.24 6.48 17.43 19.21 27.35 9.55 15.12 16.68 20.17 12.05 3.18 12.55 21.26 6.46 18.55 2.97 8.42 11.83 6.17 17.71 11.4 8.66 19.62 8.86 3.81 26.71 5.12 17.43 9.14 13.65 20.34 16.87 25.59 6.07 7.56 0 19.89 14.24 3.28 11.94 25.08 6.82 16.68 
8.9 9.32 19.42 11.26 28.16 27.54 20 20.16 24.76 28.93 17.9 16.15 17.38 14.72 3.21 2.87 8.88 22.7 9.44 8.45 26.29 26.5 22.84 27.7 8.18 23.73 27.34 18.79 16.78 8.29 27.99 22.12 15.55 23.58 12.48 19.95 6.24 4.07 12.18 16.96 23.81 17.71 19.89 0 16.94 17.03 23.05 17.59 25.15 12.82 
9.26 12.57 3.11 20.24 18.2 11.97 12.74 10.83 20.65 12.42 5.01 14.93 4.77 23.15 14.87 15.13 9.47 14.8 8.21 23.46 17.92 9.56 15.88 17.43 13.58 12.93 10.52 3.75 19.38 22.34 22.44 13.09 14.42 19.32 23.46 21.6 13.13 20.03 22.87 12.43 13.14 19.1 14.24 16.94 0 11.52 7.66 11.59 14.45 23.13 
14.93 7.87 14.28 13 11.14 14.05 2.98 3.9 9.62 16.86 16.38 24.12 7.08 14.57 13.84 17.1 8.86 5.69 9.29 19.33 9.32 17.16 6.01 10.72 9.22 7.24 16.67 9.18 8.9 17.74 12.13 5.23 23.48 8.25 16.33 10.42 10.81 17.88 15.74 22.44 7.25 8.2 3.28 17.03 11.52 0 10.82 21.98 8.42 15.67 
16.56 16.12 7.98 23.07 12.11 4.53 10.08 7.7 17.3 6.29 11.6 22.39 5.74 25.17 20.41 21.78 14.39 10.78 13.62 28.1 12.78 6.63 12.11 11.29 17.46 7.53 5.85 4.39 19.72 26.72 18.02 8.96 21.92 16.18 26.46 20.93 17.92 25.43 25.86 19.66 7.75 18.94 11.94 23.05 7.66 10.82 0 18.66 8.64 25.92 
9.5 19.33 10.73 26.13 29.79 22.32 23.84 22.19 31.55 21.45 7.06 4.46 16.17 29.63 17.59 14.75 15.63 26.15 14.32 25.97 29.43 17.08 27.12 29.02 19.58 24.52 18.94 15.31 28.04 25.53 33.69 24.53 4.35 30.19 28.63 30.84 17.88 21.64 28.15 1.32 24.72 28.2 25.08 17.59 11.59 21.98 18.66 0 26.04 28.64 
21.33 16.23 15.96 21.02 3.75 8.87 5.63 5 9.61 12.29 19.25 29.19 10.06 21.94 22.02 24.84 16.48 3.87 16.45 27.7 4.2 14.82 4.97 3 17.61 1.58 13.39 10.75 15.41 26.1 9.57 3.23 28.62 8.81 24.22 15.37 19.04 26.28 23.65 26.84 1.42 14.23 6.82 25.15 14.45 8.42 8.64 26.04 0 23.48 
19.14 10.56 26.22 2.91 25.04 29.62 17.95 19.56 18.22 32.18 26.37 28.28 20.71 2.6 11.32 15.33 13.96 19.82 15.37 7.07 22.46 31.53 19.18 24.95 9.66 22.62 31.54 22.86 8.77 5.73 21.58 20.33 27.62 17.58 0.86 10.92 10.86 9.72 0.69 28.36 22.58 10.13 16.68 12.82 23.13 15.67 25.92 28.64 23.48 0 
7.2 13.81 20.53 32.03 17.75 22.64 22.37 33.78 19.82 9.17 5.46 9.17 16.77 7.24 3.86 7.67 25.59 2.96 24.34 28.07 24.92 14.14 23.95 15.25 27.85 11.33 11.66 21.85 15.94 29.93 16.35 6.08 18.17 26.19 25.31 8.94 12.22 22.84 12.62 18.4 25.55 18.38 5.56 6.7 11.29 22.63 9.71 25.56 17.5 18.77 9.71 16.65 14.63 8.19 16.15 11.22 28.41 13.44 15.32 9.34 7.65 6.93 7.8 2.39 17.93 3.41 15.53 23.06 14.89 18.74 11.85 0.94 14.96 18.56 13.97 6.73 15.14 21.68 18.29 13.22 10.83 7.76 14.66 3.14 10.03 15.41 19.83 20.32 11.77 12.45 8.68 15.16 4.11 23.6 12.28 12.9 9.81 13.18 11.18 13.17 11.21 9.97 25.95 12.83 2.71 16.68 7.43 24.86 11.25 23.79 9.99 20.86 7.12 19.24 28.04 5.96 19.69 21.54 16.72 17.15 11.56 7.65 16.11 36.22 35.77 22.18 10.49 22.38 18.31 24.5 21.86 19.42 32.09 10.19 18.77 30.45 12.4 17.03 2.72 13.01 5.42 6.73 12.82 26.18 21.13 38.59 7.99 15.97 23.41 42.33 24.86 37.9 16.44 2.86 8.17 18.96 11.72 17.63 11.4 5.65 24.73 40.06 9.31 33.65 5.88 13.54 29.31 17.86 5.27 3.87 13.48 12.97 34.01 16.59 5 6.26 12.12 4.58 1.79 17.4 17.54 5.41 19.61 10.87 22.16 15.51 15.98 38.22 28.37 4.26 16.73 6.8 5.11 6.03 7.69 34.15 25.49 9.52 19.21 17.94 26.75 29.48 5.15 19.49 27.31 3.42 24.9 7.54 0.51 23.19 7.58 11.17 13.12 24.29 18.44 7.21 7.89 28.75 7.53 37.2 14.03 15.27 36.35 17.81 45.27 6.76 17.62 7.11 18.22 16.49 7.06 16.65 33.45 3.7 16.28 9.57 12.28 25.01 2.14 9.19 32.3 10.18 29.15 29.97 37.17 22.43 13.35 23.26 48.17 8.93 5.28 9.13 7.65 23.29 4.91 6.32 8.23 27.5 26.29 17.43 6.85 21.11 15.57 26.9 34.46 26.2 40.19 19.73 34.11 8.51 16.13 10.51 18.03 15.27 14.56 4.26 18.19 4.79 41.36 2.74 9.29 14.12 18.58 26.61 11.01 24.42 21.23 17.8 6.4 2.18 17.79 18.62 9.19 23.59 1.79 6.12 8.89 2.89 16.36 7.47 5.24 25.52 8.1 3.22 19.28 4.27 11.59 12.12 14.17 15.84 13.64 32.72 6.09 12.4 1.88 15.59 11.49 3.76 6.35 11.99 8.17 17.91 14.41 12.76 18.58 29.77 6.24 20.15 19.19 27.21 13.92 2.63 7.34 17.8 10.5 8.08 4.4 10.02 17.97 5.05 19.79 4.52 10.7 24.66 16.21 3.11 34.34 7.25 16.86 17.3 7.1 32.11 24.41 28.77 2.14 14.37 2.28 23.16 14.17 5.23 10.67 21.99 4.49 28.09 13.84 17.21 21.88 16.83 13.74 19.45 13.53 19.12 6.84 24.13 22.46 8.05 33.24 3.08 4.58 24.45 12.2 21.99 21.23 7.37 23.13 1.72 11.12 39.81 0.95 14.78 6.34 10.18 18.03 9.96 19.21 6.66 6.41 3.69 25.79 20.01 10.41 11.21 19.66 7.64 21.67 8.82 16.37 14.07 24.64 13.9 29.17 11.75 9.13 22.12 19.14 12.03 6.49 19.78 7.78 18.07 15.39 2.74 5.37 31.64 30.24 12.14 18.45 37.28 18.59 19.13 18.15 22.9 43.73 39.15 18.61 9.65 19.93 13.11 34.51 18.21 9.33 5.69 28.71 17.96 31.92 12.72 8.63 34.19 24.5 18.51 7.95 27.62 5.78 13.14 19.69 15.22 23.91 24.83 9.83 25.08 15.13 11.37 27.24 28.39 30.97 14.33 8.11 19.49 34.8 39.21 20.25 31.52 30.53 8.41 19.61 22.98 18.61 16.28 5.02 13.14 9.82 7.02 28.29 28.08 19.87 33.14 13.11 8.89 19.12 22.26 21.58 14.26 19.45 20.1 14.94 39.47 23.18 29.11 13.39 18.81 18.07 26.39 40.8 25.81 0.43 23.5 16.27 46.35 10.07 15.49 34.34 3.83 17.35 14.98 39.08 19.94 14.98 32.99 15.91 4.31 34.08 16.3 25.42 8.34 21.1 8.8 13.33 10.49 18.67 15.68 9.77 12.58 15.11 14.73 11.93 12.94 3.08 20 11.88 12.75 10.93 11.07 20.65 19.13 24.58 14.26 27.63 17.85 18.36 10.92 9.39 8.12 15.98 5.19 8.35 8.4 17.84 6.93 14.24 13.91 17.11 12.36 15.84 21.96 8.01 25.4 40.78 16.88 33.27 5.2 27.7 35.03 27.97 5.14 7.05 15.04 24.61 26.31 12.01 4.9 12.35 15.1 11.42 4.36 18.74 28.78 5.47 12.89 19.34 13.24 16.88 16.97 30.37 27.77 2.92 6.55 6.38 15.52 3.8 4.99 28.9 17.55 11.08 12.8 4.62 23.55 34.44 20.19 12.73 9.34 35.63 16.53 12.59 29.38 7.29 16.8 3.17 4.94 8.18 14.16 14.88 11.61 13.56 2.36 11.15 15.03 16.03 11.39 16.66 13.24 11.07 16.97 6.91 8.09 15.82 30.16 31.8 30.22 11.86 27.72 34.43 14.7 13.96 7.45 34.52 26.77 14.82 18.95 20.78 19.88 6.45 6.7 8.97 13.4 28.65 27 10.73 4.3 22.67 9.85 29.23 16.25 32.75 12.12 8.67 1.14 16.47 19.54 21.51 22.31 28.05 4.39 17.89 26.92 6.67 9.79 18.34 12.77 19.64 20.15 22.57 11.79 18.81 5.04 8.59 16.12 22.86 20.72 15.71 14.33 12.39 14.09 6.47 12.03 11.53 24.31 8.19 11.62 13.09 5.22 22.34 0.96 6.16 9.41 2.1 12.46 16.79 7.78 13.33 8.62 1.72 41.38 6.66 14.93 12.79 10.09 12 22.14 29.32 2.66 12.26 4.25 25.22 16.23 7.61 12.04 33.41 4.15 24.88 14.95 26.84 19.16 20.17 12.01 7.17 21.5 19.43 12.88 15.26 18.4 29.14 10.13 8.48 15.66 10.82 19.4 3.08 9.52 9.13 12.05 18.08 16.84 15.79 5.87 6.4 5.7 14.68 17.01 18.68 20.92 16.08 38.78 28.78 42.39 13.86 15.49 34.14 32.33 11.93 1.88 26.6 27.79 22.11 22.23 5.17 10.69 10.39 5.32 8.17 37.95 35.93 15.98 28.76 7.45 18.88 23.74 29.15 19.55 37.95 5.61 19.18 2.15 3.14 12.94 2.68 22.28 10.9 20.28 34.27 3.81 6.8 15.89 5.15 26.38 12.03 15.25 16.54 25.16 26.23 7.16 13.33 5.21 14.13 12.44 5.78 18.32 19.9 3.52 22.85 13.59 19.28 26.42 15.25 1.26 5.48 35.34 20.61 23.12 11.54 13.57 33.2 47.07 24.37 31.26 39.32 23.9 9.96 9.31 35.87 26.29 14.15 8 8.72 8.72 24.84 8.32 18.19 5.83 18.15 3.15 23.8 15.76 8.27 24.38 7.17 1.94 23.5 5.91 27.85 13.65 13.12 22.84 24.36 28.38 4.53 11.91 3.32 22.4 22.85 3.83 14.01 28.98 3.57 19.77 12.22 5.07 13.82 9.78 21.32 35.42 10.4 7.2 37.5 4.58 31.14 12.08 25.62 40.48 14.09 22.65 4.35 10.42 7.95 23.57 18.03 13.55 7.22 29.29 1.96 31.3 12.71 27.08 17.86 10.16 6.06 20.89 12.85 15.05 17.7 7.61 16.8 2.99 11.06 9.27 22.29 21.06 8.68 11.21 8.98 17.43 12.56 10.93 23.51 16.16 7.2 14.19 5.77 8.78 14.7 11.41 1.93 14.77 11.15 30.81 11.63 17.59 26.71 33.32 34.11 0.31 13.82 5.22 18.98 11.58 7.11 10.74 33.43 1.15 14.75 7.9 25.71 31.65 27.43 12.23 29.39 29.07 39.56 31.06 30.58 27.45 28 28.67 12.88 32.68 16.9 14.01 10.87 13.71 6.96 24.97 20.04 18.54 13.55 12.99 23.56 10.4 14.17 12.57 34.5 11.19 13.76 28.42 13.91 13.23 5.09 12.47 11.42 14.98 3.57 7.7 4.42 9.45 12.36 33.06 14.29 6.86 7.76 21.66 9.1 10.49 2.38 13.54 20.88 12.85 33.89 15.39 0.97 4.63 8.82 13.69 5.59 20.21 21.88 7.93 9.78 13.94 31.26 25.35 13.28 3.14 14.94 4.84 4.23 3.09 36.75 27.24 21.05 12.82 11.6 12.68 21.53 22.14 24.74 28.22 8.07 13.65 22.14 3.99 18.41 15.43 12.46 39.24 31.74 27.56 14.94 13.7 10.73 39.85 26.08 14.32 15.79 21.94 7.08 23.48 26.33 9.39 30.56 10.07 15.91 14.87 19.48 23.19 1.2 6.35 2.22 13.36 9.03 4.18 7.27 30.98 2 28.12 24.34 15.99 33.18 19.42 18.11 16.01 3.33 34.17 25.92 23.36 16.37 17.68 32.66 19.66 6.26 16.53 33.19 27.01 8.13 16.89 33.62 23.57 43.3 11.63 6.1 4.08 16.54 20.35 8.75 11.97 20.73 5.06 25.86 16.31 12.16 6.34 0.37 41.66 34.3 14.29 18.57 18.15 21.17 19.31 37.97 23.52 27.5 0.73 19.47 10.4 7.24 18.06 8.09 1.96 7.52 11.99 30.33 12.66 30.42 39.99 17.83 15.88 8.24 6.72 9.47 8.95 8.96 9.83 8.81 14.09 5.76 24.13 11.26 13.83 7.43 7.76 19.2 30.79 23.19 20.43 3.74 20.1 17.84 24.33 30.53 18.4 11.72 40.75 12.9 9.63 24.55 13.6 32.06 16.13 36.42 20.91 31.04 0.78 14.26 26.35 19.49 19.3 12.12 14.8 21.13 1.32 31.09 31.03 18.61 6.02 24.67 19.13 4.29 9.49 26.51 1.49 16.25 8.94 8.97 27.15 8.51 27.61 20.21 8.55 5.84 11.35 10.08 1.71 7.85 23.3 4.96 8.77 9.67 15.52 22.97 17.9 34.66 13.75 6.73 9.38 9.68 21.35 32.06 11.88 31.77 9.72 19.46 24.83 5.47 17.71 30.55 42.93 24.52 
2.66 1.69 1.57 2.77 1.18 1.22 1.55 2.84 1.49 2.13 1.19 2.16 2.73 2.93 2.05 2.25 1.74 2.66 1.67 2.22 2.18 2.66 1.99 2.7 1.22 2.12 2.86 2.85 2.24 1.33 1.34 1.86 1.08 2.64 1.25 1.73 2.33 1.35 1.89 1.78 2.91 2.21 2.82 1.24 1.68 1.53 2.39 1.33 2.97 1.49 1.68 1.09 1.59 1.69 2.97 1.21 1.58 2.66 2.89 1.19 2.73 1.39 2.15 2.64 1.2 2.01 2.97 2.2 1.35 2.83 1.46 2.08 1.68 2.75 1.02 2.49 2.48 1.53 2.21 1.9 2.89 1.86 1.25 2.77 2.35 1.03 2.08 1.35 1.22 2.65 1.8 2.92 1.38 1.65 2.29 1.06 2.7 1.66 1.39 2.52 2.87 1.37 1.89 1.92 1.44 1.37 2.21 2.02 1.5 2.38 2.83 1.97 2.68 1.02 2.56 1.08 2.55 1.9 2.45 2.74 1.22 1.07 1.61 1.52 2.15 1.14 2.53 2.49 2.39 2.4 2.3 2.02 2.52 1.65 1.74 2.58 2.71 2.72 1.89 2.9 2.2 2.51 2.64 2.39 2.66 1.34 2.76 2.84 1.27 2.6 2.18 2.08 1.55 2.15 1.26 1.62 1.87 1.81 2.72 1.35 1.98 2.16 2.39 2.94 2.9 1.5 2.58 2.07 2.89 2.27 2.47 1.1 2.92 1.38 2.85 1.07 2.09 2.19 2.11 1.74 2.77 2.27 2.22 1.03 1.19 2.92 2.66 2.71 2.43 2.58 1.59 1.14 2.29 1.72 1.3 2.56 1.71 1.57 2.93 1.63 2.54 2.78 1.42 1.68 1.01 1.6 1.89 2.99 1.2 1.93 1.74 2.67 2.05 1.14 2.8 2.29 2.23 1.52 2.78 1.3 2.68 1.54 1.09 2.17 1.04 1 1.77 1.23 1.56 1.64 2.41 1.45 1.18 1.74 1.18 2.74 2.91 2.52 1.04 2.03 1.28 1.92 1.92 1.39 1.37 2.5 2.89 1.48 1.63 1.05 1.58 1.03 2.61 1.59 2 1.92 1 2.8 1.46 2.22 2.1 2.37 1.59 2.68 1.34 1.83 1.24 1.24 2.03 2.72 2.63 1.1 2.57 2.5 1.86 2.7 1.77 2.57 2.58 1.29 1.43 1.58 1.97 2.39 2.97 2.77 2.11 2.8 1.93 2.99 1.11 1.83 1.96 1.54 2.09 1.51 2.47 2.66 2 1.3 2.67 1.62 1.97 2.19 2.36 1.05 1.67 2.4 1.48 2.6 2.97 1.37 2.6 2.27 1.94 2.91 1.73 1.99 2.31 2.23 2.62 2.47 2.42 1.33 2.76 1.91 2.38 1.06 1.19 2.77 2.91 1.9 2.29 1.7 1.46 2.07 2.9 1.92 2.58 1.26 1.53 2.74 2.1 2.46 1.16 1.19 2.43 1.13 1.81 1.31 2.34 2.63 2.85 1.05 2.02 2.98 1.13 1.15 2.13 1.47 2.92 1.79 2.43 1.14 1.23 2.44 2.3 2.82 1.44 2.45 2.85 1.12 2.17 2.3 1.09 2.09 2.15 1.48 1.34 2.59 3 1.67 1.07 1.38 1.3 1.6 1.73 2.19 2.75 2.08 1.86 2 2.16 2.32 2.03 2.01 2.95 2.37 2.89 1.22 2.28 2.98 1.64 2.72 2.42 1.44 1.96 1.04 1.6 1.2 1.73 1.87 2.28 3 2.32 3 1.76 1.95 2.16 1.11 2.23 2.33 1.18 2.8 2.53 2.02 2.11 2.6 1.72 2.89 2.53 1.26 2.61 2.85 1.12 1.83 2.54 1.46 1.84 2.93 2.48 1.47 1.44 2.53 1.44 2.38 2.96 2.75 1.01 2.97 3 1.12 1.2 2.65 2.68 1.01 2.41 1.39 2.2 1.89 1.02 2.6 1.56 1.89 2.73 2.49 2.57 1.32 1.54 2.54 2.77 2.47 2.77 2.42 1.46 1.03 1.49 1.72 2.72 1.19 2.84 2.55 1 2.52 2.34 2.77 1.82 2.75 1.39 2.16 2.69 1.99 1.21 2.86 1.3 2.97 1.92 1.2 2.09 2.95 1.69 1.94 1.87 1.25 1.54 1.16 1.76 2.97 2.22 1.98 2.5 1.63 1.98 1.5 1.84 2.58 1.21 1.49 1.3 1.31 2.01 2.88 3 1.95 1.68 2.15 2.1 1.44 2.45 1.38 2.9 1.48 1.99 1.86 1.12 2.04 2.83 1.73 1.25 2.86 2.52 1.22 2.1 2.61 2.16 1.72 2.26 1.59 2.51 2.47 2.68 2.74 1.66 1.1 1.62 1.73 2.86 2.04 1.2 1.22 1.5 2.37 1.27 2.75 2.66 1.59 1.67 2.45 1.55 1.28 1.87 2.29 2.32 2.42 2.38 1.4 2.18 2.03 1.85 2.84 1.84 2.49 2.43 2.25 2.99 1.55 2.05 2.41 2.01 2.98 1 1.22 1.43 2.49 2.37 1.58 2.86 1.28 1.58 1.16 1.8 1.95 2.64 1.79 2.48 1.46 1.05 2.53 1.84 2.31 1.44 2.61 1.89 1.18 2.27 2.03 1.42 1.72 2.66 2.1 1.63 2.46 2.83 1.35 1.47 1.09 2.31 1.64 2.64 2.25 1.96 1.8 2.55 2.82 1.47 2.9 2.89 1.44 1.04 1.42 1.81 1.36 2.67 2.23 2.21 1.41 2.68 1.25 1.5 2.23 2.89 1.77 1.06 2.88 2.99 2.51 1.83 2.58 2.45 1.86 1.18 2.65 2.82 1.12 1.82 1.92 1.29 2.12 2.44 2.25 2.21 2.39 1.9 1.11 2.19 1.96 1.51 2.82 1.25 2.05 2.73 2.74 1.28 1.43 2.71 1.79 2.77 2.72 1.85 2.28 2.83 1.95 2.64 1.72 1.24 2.7 2.64 2.47 2.03 1.05 1.01 2.91 1.25 2.96 2.91 2.35 1.75 1.11 1.43 2.14 2.54 1.63 1.63 1.84 1.2 2.21 1.97 1.7 2.55 2.76 1.73 2.58 2.74 2.76 2.17 1.75 1.32 1.27 1.03 2.56 2.72 2.22 1.52 1.36 2.05 1.48 2.56 1.02 2.07 2 2.53 1.16 2.14 2.09 1.7 1.12 1.11 2.12 1.21 2.01 1.65 2.62 2.81 2.78 2.41 2.03 1.83 1.91 2.14 2.43 1.93 1.17 1.24 1.11 1.85 2.66 1.46 1.41 1.58 1.85 2.8 1.87 2.55 2.55 2.69 2.64 1.43 1.21 2.48 2.23 1.78 1.25 2.36 1.19 1.23 1.26 2.9 2.56 2.81 2.49 1.71 2.93 1.42 2.58 2.62 2.35 2.85 2.73 1.29 1.19 1.77 2.82 2.69 1.04 2.03 2.08 1.63 1.47 2.43 1.66 1.79 2.5 2.14 2.91 1.97 2.44 2.41 1.37 2.59 2.16 1.22 2.68 1.18 2.43 2.47 1.76 2.69 1.46 2.39 2.6 2.38 2.16 1.87 2.75 1.38 2.79 2.69 2.46 1.66 1.75 1.09 1.13 2.39 2.05 1.64 1.43 2.91 1.26 2.43 1.51 2.53 1.6 2.23 2.68 2.63 1.49 1.1 2.88 2.49 2.99 1.43 2.17 2.51 2.78 1.68 1.41 1.66 1.39 1.06 1.41 2.29 1.61 2.96 1.21 2.86 2.91 2.65 2.32 2.45 1.58 2.73 1 3 2.77 1.97 1.75 1.09 1.94 2.41 1.05 1.93 2.4 1.77 2.48 2.51 2.46 1.97 1.75 1.14 2.2 2.92 1.7 2.09 2.23 2.63 2.46 2.52 2.08 2.6 2.05 2.91 2.24 1.41 2.19 1.14 2.33 1.55 2.16 2.65 2.29 2.25 2.36 1.96 2.37 2.4 1.5 2.23 1.63 2.45 1.64 2.52 1.49 2.78 1.01 2.67 1.82 1.47 2.58 1.92 1.63 1.87 2.12 1.58 1.26 1.88 2.43 1.21 2.11 1.09 1.09 2.38 2.34 1.76 1.93 2.53 2.34 1.14 2.19 2.51 1.72 1.91 1.86 1.57 2.55 2.37 2.15 2.57 1.47 2.1 2.07 2.45 2.64 1.8 2.99 2.87 1.53 2.28 2.09 2.4 2.93 1.81 2.79 2.32 2.68 2.94 1.82 2.62 2.83 2.87 2.59 1.13 1.14 2.09 2.29 2.91 1.61 2.26 2.74 1.37 1.41 2.03 2.67 2.53 1.11 2.81 2.1 2.02 2.94 1.94 2.54 2.88 2.61 1.81 2.51 1.65 3 2.72 1.16 2.14 1.53 1.5 1.6 2.94 1.26 1.77 1.84 2.33 2.06 2.08 1.58 1.64 2.77 1.73 2.86 1.7 2.08 2.28 2 1.44 2.42 1.08 2.13 1.85 1.88 2.2 2.45 2.3 1.97 1.16 2.07 2.09 2.82 1.95 1.25 1.71 2.56 2.73 2.31 2.45 2.1 2.56 2.43 1.01 1.76 2.72 2.26 2.42 1.64 2.59 2.15 2.34 1.88 1.02 2.19 1.51 2.57 1.09 1.8 1.45 1.25 1.33 1.63 2.37 2.32 1.99 2.51 2.34 2.45 1.7 2.51 1 1.09 1.21 1.92 1.99 1.51 1.49 1.52 1.98 2.78 1.18 1.04 1.14 2.29 1.99 1.03 1.1 1.49 1.71 2.92 1.18 1.48 1.11 2 1.91 2.62 2.63 1.36 2.63 1.35 2.47 2.39 2.67 1.35 2.77 1.89 2.15 2.21 1.58 2.23 1 1.55 2.38 2.09 1.13 1.5 1.2 2.13 2.81 2.36 2.1 2.91 2.5 2.4 1.67 2.26 2.73 1.13 1.75 2.81 1.39 2.59 1.73 2.81 1.13 2.08 2.8 2.95 2.15 2.97 1.55 1 2.86 2.99 1.56 1.87 2.63 2.47 1.03 1.78 1.77 2.03 1.49 2.03 1.5 2.63 2.91 2.47 1.71 2.56 2.15 2.78 2.5 2.73 1.35 1.5 1.16 1.64 2.04 2.98 1.43 2.08 2.81 1.44 1.98 1.18 1.16 1.8 1 1.06 2.6 1.31 2.29 2.29 1.93 1.53 1.24 1.87 1.82 1.77 2.87 2.33 1.78 2.25 2.7 1.09 2.04 1.45 2.4 1.3 1.99 2.58 2.7 2.61 1.93 
