250 31125
3.69 7.06 9.59
1.00972e+06
13 66 79 44 84 98 100 51 71 61 21 42 57 16 9 64 81 94 26 75 61 87 50 51 94 85 43 83 90 98 53 25 86 82 89 40 28 70 15 67 58 37 49 76 96 34 95 2 86 94 75 83 41 99 14 64 39 58 46 66 21 89 41 61 21 11 26 39 41 4 91 11 86 72 15 71 60 43 64 91 61 67 31 2 64 93 34 89 96 52 23 82 57 79 88 63 11 9 75 17 92 75 58 43 31 52 73 22 58 80 31 5 31 91 78 40 63 59 71 14 94 97 77 11 19 100 17 83 15 11 50 13 80 51 66 7 12 47 76 95 53 44 92 77 64 28 96 9 97 47 60 11 9 32 12 37 14 48 100 29 38 1 100 8 91 33 77 71 90 73 45 56 3 27 62 22 99 13 69 88 47 5 92 40 52 46 96 12 79 80 93 29 91 3 74 86 33 44 41 86 64 16 62 42 17 49 39 14 84 27 41 63 52 3 37 80 11 66 29 23 38 15 100 95 91 22 18 31 11 8 17 93 75 50 13 28 33 59 66 72 9 64 28 20 77 79 82 96 79 68 
0 21.81 4.43 11.69 19.02 13.37 19.49 19.48 26.53 16.4 25.26 20.39 3.91 15.14 8.81 16.55 11.81 18.88 25.92 12.78 26.62 10.04 17.74 23.64 9.09 14.54 26.79 27.52 22.93 17 15.1 22.38 9.24 18.78 18.79 17.87 16.97 8.89 18.16 7.28 7.73 16.03 3.46 22.71 13.5 13.67 19.48 6.32 9.06 11.63 15.43 23.75 24.16 7.19 11.23 16.95 4.3 3.09 24.93 25.91 11.28 9.11 20.22 24.8 7.08 12.53 10.95 11.06 15.33 26.52 20.55 2.7 7.61 22.15 13.47 17.24 20.25 10.27 19.55 16.32 16.88 25.93 12.85 7.38 2.04 9.21 31.39 23.31 15.13 25.44 20.36 25.22 8.03 2.31 11.96 5.7 8.71 21.31 8.13 26.09 10.76 16.26 10.2 3.65 12.24 21.31 22.21 11.71 22.16 27.51 26.67 4.08 6.91 6.56 25.52 18.74 20.92 26.32 20.19 20.17 10.78 11.67 8.63 6.52 20.36 4.97 24.06 25.28 18.14 14.71 8.27 30.47 16.87 9.98 16.68 24.96 23.01 19.88 6.24 26.28 10.47 28.46 14.91 15.8 2.52 28.8 21.52 8.74 15.95 24.12 13.27 11.65 9.29 21 16.44 1.35 14.54 3.1 22.58 5.1 5.78 14.17 8.26 20.16 13.02 10.83 10.06 7.31 4.29 20.07 26.69 19.06 14.75 12.37 30.89 18.63 5.46 7.4 23.2 28.32 21.24 19 12.34 23.12 2.81 19.32 5.84 20.34 24.09 6.86 24.07 15.17 5.07 14.57 31.7 24.36 18.68 13.52 18.59 10.67 9.77 15.28 26.52 3.67 20.29 8.54 20.67 13.84 12.49 14.45 21.25 11.75 16.27 13.8 4.77 9.33 25.55 18.43 23.23 10.97 21.74 23.41 7.1 5.87 21.01 17.28 20.13 17.16 18.41 6.51 27.04 24.46 5.68 7.54 31.22 24.32 0.62 23.46 20.52 21.97 12.46 6.84 25.48 8.75 10.46 19.14 10.88 16.19 13.86 27.11 
21.81 0 25.92 18.47 6.04 16.82 2.32 17.18 27.39 16.06 23.99 14.31 19.35 19.95 29.93 6.15 16.74 4.69 15.93 9.46 11.97 11.85 4.78 20.01 13.22 15.18 27.97 7.57 25.78 7.24 25.61 5.95 20.17 12.3 5.63 26.47 20.76 12.93 12.87 16.21 29.33 7.59 25.11 2.11 26 8.24 3.29 16.56 30.31 11.24 7.8 27.67 21.47 20.14 13.56 5.4 26.11 24.82 25.25 25.96 23.19 27.02 10.88 22.2 14.91 15.44 12.68 12.18 7.91 11.05 12.62 21.61 28.82 6.13 8.63 12.46 23.77 22.35 8.8 6.92 21.87 10.42 10.34 14.45 19.79 12.89 11.08 25.66 8.07 13.61 8.78 21.66 17.02 19.6 26.27 21.02 13.78 16.12 29.71 12.43 14 22.08 23.57 23.58 9.58 7.61 19.35 14.55 5.45 6.36 11.15 23.71 15.21 20.32 16.07 3.38 21.56 28.34 25.18 15.86 11.4 23.07 15.08 20.85 1.89 17.38 12.1 7.47 20.69 7.11 15.29 9.89 5.8 12.24 9.85 17.73 1.51 19.1 22.53 11.88 11.53 7.2 12.6 8.32 24 10.91 19.49 29.72 7.44 26.96 9.99 14.44 12.54 3.35 11.65 23.16 12.15 22.05 8.61 17.5 27.57 8.31 29.94 25.19 9.34 25.12 19.55 21.2 20.32 10.25 6.56 11.82 13.75 9.9 10.46 18.96 27.24 21.26 5.28 8.49 1.62 25.53 19.12 27.45 24.22 22.43 27.65 21.06 4.52 15.56 10.58 14.08 20.28 21.67 11.76 5.04 7.19 11.27 4.74 13.06 17.41 9.17 14.37 25.43 11.17 15.03 14.53 13.09 16.14 11.37 20.29 12.53 5.9 26.66 18.2 20.97 3.87 19.17 10.08 14.04 2.81 19.56 14.71 18.24 10.77 21.57 7.62 4.84 16.05 27.92 11.36 21.64 27.49 29.11 12.23 27.21 22.2 18.99 11.58 0.51 9.65 23.34 18.1 30.11 11.86 16.01 14.53 26.3 8.16 13.65 
4.43 25.92 0 15.57 23.41 17.45 23.62 23.59 29.87 18.31 28.94 22.71 8.18 18.83 6.95 20.87 15.93 22.68 30.25 17.12 31.05 14.31 21.65 27.63 13.48 18.77 30.08 31.86 26.19 20.59 17.63 25.95 12.83 21.44 23.17 20.51 20.6 13.09 20.72 10.37 5.17 19.66 3.04 26.94 15.73 17.7 23.74 9.66 6.94 15.24 19.81 26.79 28.04 8.37 14.22 20.87 1.81 2.8 28.43 29.39 14.13 10.03 23.12 28.64 11.44 14.78 15.38 14.53 19.01 30.96 23.17 4.5 5.91 26.55 17.4 21.61 23.61 13.3 23.99 20.05 20.33 30.37 16.43 11.5 6.41 13.56 35.74 26.63 19.52 29.84 23.57 29.14 10.5 6.72 13.86 9.18 13.13 25.52 5.53 30.52 15.16 19.64 12.85 2.92 16.35 24.68 26.2 16.05 26.54 31.77 31.1 6.08 10.75 7.76 29.83 22.96 24.62 29.5 23.32 22.2 14.64 14.58 13.04 10.02 24.55 9.41 28.47 29.68 21.83 18.82 12.68 34.8 21.18 14.34 19.84 29.17 27.18 23.82 9.08 30.71 14.43 32.71 17.66 19.33 1.96 33.22 25.47 7.09 20.33 27.31 16.85 14.3 13.51 25.3 19.29 3.22 17.42 6.35 27.01 9.53 2.12 17.99 5.36 23.28 17.37 13 13.77 10.66 6.26 23.06 31.01 21.8 17.25 16.72 35.23 22.54 2.85 10.72 27.56 32.68 25.24 21.95 16.11 26.13 3.72 22.82 2.71 24.08 28.41 10.5 28.5 17.57 8.89 17.94 36.07 28.69 23.1 17.95 22.41 13.95 13.87 18.71 30.91 2.45 23.14 11.71 22.96 16.57 16.67 18.88 25.12 14.94 20.23 15.86 7.95 12.72 29.71 22.31 27.66 15.37 25.63 27.43 11.33 8.47 23.93 20.81 24.55 21.17 20.35 4.76 31.47 28.34 2.61 5.11 35.63 27.49 3.9 27.53 23.31 26.11 16.77 9.33 29.69 6.52 14.83 23.32 13.63 18.68 18.13 31.53 
11.69 18.47 15.57 0 13.11 2.34 16.46 8.16 15.18 22.46 13.6 24.76 7.88 3.61 15.25 12.36 1.73 18.15 15.48 10.03 17.75 9.73 16.65 12.07 8.02 4.26 15.52 21.18 11.79 17.78 7.27 22.06 3.01 22.48 13.26 8.82 5.45 10.02 22.27 13.87 15.73 16.84 12.92 18.23 7.54 13.2 15.23 12.97 15.76 14.2 10.7 13.01 12.49 16.87 16.11 15.99 14.46 12.95 13.42 14.4 4.89 10.28 22.92 13.12 8.62 18.79 6.54 14.5 16.17 18.03 24.05 13.86 14.54 15.55 13.65 7.94 9.04 4.35 11.85 16.64 5.7 17.62 15.07 10.43 10.52 8.61 24.67 12.08 10.45 15.73 21.94 13.58 15.52 10.11 8.09 6.44 7.52 10.36 15.97 16.93 4.99 5.31 5.67 15.31 11.83 22.1 10.64 3.98 15.9 22.15 18.17 9.94 11.61 16.44 14.98 15.14 9.26 15.21 9.49 25.34 12.68 4.68 5.58 5.65 16.59 8.06 14.76 18.28 6.52 13.22 5.75 24.12 12.7 8.57 19.22 13.91 19.01 8.25 7.08 17.39 12.07 23.07 19.24 17.17 13.98 20.97 9.91 14.89 11.03 13.07 15.32 17.26 9.98 16.02 20.09 12.5 18.58 9.23 14.74 7.66 15.89 14.69 16.47 9.46 9.95 7.15 1.96 5.21 14.43 22.47 20.66 22.46 19.79 9.7 24.34 6.98 14.84 5.19 17.04 21.74 18.81 8.85 0.9 12.47 12 7.91 15.45 8.67 18.46 12.28 15.42 20.36 6.7 3.98 24.66 18.49 12.17 7.2 17.83 14.94 2.31 17.24 16.68 13.53 23.12 14.21 25.08 18.51 2.42 7.19 9.58 15.8 15.33 8.21 12.96 3.54 21.22 6.76 14.73 4.83 19.92 11.88 9.73 14.29 23.48 5.93 12.97 15.53 24.07 14.26 18.52 12.79 15.33 15.48 23.62 13.31 12.3 12.02 23.51 18.34 10.14 7.39 14.4 15.79 8.53 8.12 16.52 8.12 11.33 17.65 
19.02 6.04 23.41 13.11 0 11.2 4.93 11.16 21.45 18.44 18.12 18.11 15.83 14.13 26.23 3 11.41 8.35 11.12 6.4 8.78 9.29 7.25 14.21 9.93 9.41 22.02 8.61 19.75 9.89 20.01 11.36 15.25 15.78 0.58 20.63 14.81 10.59 16.09 15.17 25.96 9.58 21.97 5.21 20.62 7.63 2.94 15.13 26.67 11.09 3.6 21.64 15.63 19.4 13.93 7.19 23.2 21.76 19.3 20.04 17.97 22.52 14.99 16.39 11.97 16.52 8.41 12.05 9.4 8.27 16.65 19.54 25.21 3.15 8.36 6.44 17.75 17.28 2.96 8.92 15.95 7.59 10.78 12.26 17 9.86 12.43 19.64 3.89 9.2 13.14 15.93 16.46 16.71 21.15 16.85 10.33 10.27 26.31 8.74 9.33 16.22 18.56 21.55 8.07 12.45 13.45 9.45 3.15 9.14 8.41 20 13.43 19.39 11.11 3.65 15.53 22.36 19.18 19.41 10.43 17.79 10.98 16.49 4.27 14.12 7.52 6.27 14.68 6.35 11.27 11.61 2.86 9.07 12.56 12.37 6.12 13.08 18.25 8.53 10.23 10.08 14.58 10.33 21.45 9.92 13.53 25.96 3.08 20.93 10.62 15.11 10.16 2.98 14.27 20.33 13.95 18.48 4.41 14.1 24.73 8.77 26.64 19.18 6.11 20.1 14.48 16.67 18.71 14.37 7.88 15.44 15.67 6.76 11.97 12.93 24.16 16.71 4.25 9.36 7.04 19.58 13.65 21.42 21.01 16.41 24.65 15.02 5.45 14 6.5 16.15 16.29 15.96 12.69 5.58 1.15 6.24 8.16 13 12.5 11.03 10.2 22.4 15.28 14.32 18.38 14.62 10.7 5.94 14.29 12.96 7.06 21.29 16.49 16.03 8.13 13.14 5.71 9.28 8.39 13.77 12.22 16.99 15.16 15.62 2.13 6.25 19.05 24.48 8.75 15.83 24.5 25.73 12.24 21.19 19.52 13.24 15.72 5.73 6.81 18.96 12.8 26.53 8.58 9.99 14.87 20.62 5.76 10.01 
13.37 16.82 17.45 2.34 11.2 0 14.94 6.13 14.4 22.47 12.35 24.36 9.46 3.44 17.54 10.84 1.57 16.99 13.2 9.1 15.41 9.49 15.5 10.28 8 1.96 14.81 19.03 11.32 16.94 8.82 20.84 5.29 22.01 11.41 9.78 4.94 10.07 21.89 14.48 17.95 16.06 14.94 16.39 9.48 12.43 13.53 13.69 18.05 13.97 9.2 12.8 10.9 17.87 16.19 14.9 16.46 14.93 12.46 13.43 7.07 12.61 22.24 11.59 9.13 18.99 5.94 14.43 15.43 15.72 23.5 15.32 16.8 13.45 12.98 5.66 8.65 6.65 9.68 15.77 5.67 15.32 14.7 10.83 11.97 8.56 22.46 11.5 8.98 13.39 21.08 11.92 16.15 11.56 10.28 8.49 7.64 8.17 18.2 14.6 4.53 5.6 7.97 16.92 11.23 21.09 8.86 3.12 13.84 20.11 15.85 12.05 12.14 17.5 12.72 13.57 8.11 14.65 9.49 25.08 12.48 6.8 5.97 7.75 14.93 9.19 12.42 16.08 5.65 12.22 6.25 21.94 11.16 8.3 18.65 11.78 17.23 6.61 9.3 15.05 11.88 21.02 19.03 16.47 15.77 18.68 8.2 17.18 9.46 12.63 14.89 17.41 9.93 14.16 19.71 14.31 18.35 11.18 12.49 8.84 17.93 13.99 18.68 9.48 8.96 9.41 4.25 7.43 15.65 21.75 18.55 21.93 19.7 8.85 22.14 5.43 16.93 7.41 14.97 19.56 17.31 9.27 2.55 12.34 13.99 7.34 17.54 7.48 16.44 12.86 13.1 20.27 8.59 4.88 22.41 16.43 10.19 5.76 16.68 14.99 3.6 16.66 14.36 15.53 22.46 14.61 24.67 18.41 1.16 5.45 8.07 15.75 14.29 10.15 13.95 5.86 19.33 5.3 12.43 4.29 18.49 10.04 10.2 15.2 22.75 5.65 10.85 14.34 23.94 16.46 16.2 11.21 17.41 17.7 21.33 12.88 13.98 10.09 22.87 16.64 9.32 9.67 12.28 18.06 8.13 5.93 16.73 9.49 10.29 15.31 
19.49 2.32 23.62 16.46 4.93 14.94 0 15.95 26.31 14.76 23.02 13.64 17.04 18.18 27.61 4.11 14.74 3.67 15.75 7.18 12.43 9.53 3.07 19.13 10.92 13.42 26.87 9.21 24.45 5.82 23.67 6.45 18.02 11.44 4.4 24.68 19.12 10.61 11.89 14.02 27 5.91 22.79 3.61 23.96 5.98 2.04 14.33 27.99 9.12 5.77 26.31 20.55 18.03 11.59 3.48 23.79 22.49 24.16 24.92 21.1 24.76 10.36 21.31 12.58 13.69 10.48 10.09 6.07 11.64 12.07 19.33 26.5 6.22 6.43 11.05 22.31 20.23 7.88 5.21 20.19 10.96 8.32 12.14 17.47 10.58 12.93 24.38 6.02 13.59 8.38 20.86 14.91 17.27 24.15 18.75 11.48 15.19 27.38 12.71 11.85 20.34 21.43 21.32 7.27 7.57 18.34 12.5 5.64 8.39 11.75 21.4 12.93 18.18 15.81 1.41 20.27 27.17 23.64 15.08 9.16 21.01 12.83 18.6 1.31 15.06 11.98 8.39 19.17 4.8 13.03 11.8 3.78 9.93 8.56 17.22 3.58 17.83 20.27 12.27 9.26 9.29 11.09 6.68 21.7 12.1 18.39 27.4 5.49 25.67 8.01 12.56 10.21 3.28 10.37 20.84 10.56 19.73 8.52 15.18 25.25 6.22 27.61 23.64 7.08 22.98 17.44 18.97 18.08 9.73 8.22 11.02 12.24 7.61 12.34 17.56 24.92 19.04 5.95 10.13 2.37 23.87 17.16 26.04 21.9 20.94 25.33 19.74 5.79 13.3 10.63 12.63 17.99 19.82 13.52 6.26 6.02 9.27 3.56 10.99 15.28 7.52 14.48 23.11 10.65 12.87 13.9 11.43 14.19 9.51 19.11 10.56 3.83 24.62 15.94 18.82 6.1 17.73 9.99 11.91 3.61 18.69 12.39 16.03 10.42 19.93 6.9 2.72 15.01 25.6 12.02 20.76 25.17 26.79 13.75 25.92 19.89 18.17 11.08 2.49 7.35 21.08 17.64 27.79 9.56 14.78 12.57 24.41 5.85 13.97 
19.48 17.18 23.59 8.16 11.16 6.13 15.95 0 10.42 26.73 7.4 27.77 15.57 5.93 23.27 12.39 7.67 18.94 7.75 12.49 11.39 14.02 17.57 4.33 13 5.15 10.96 16.79 8.62 19.69 11.75 22.38 11.14 25.37 11.62 11.11 5.23 14.95 25.43 19.81 23.86 19.02 21.04 16.04 13.3 15.7 14.07 19.16 23.79 18.17 11.12 10.54 5.3 23.54 20.77 17.2 22.57 21.05 8.26 9.1 11.86 17.95 25.12 6.07 14.59 23.65 10.52 18.84 18.53 12.03 26.61 21.35 22.63 12.03 16.4 5 6.92 11.88 8.45 18.54 6.43 11.86 18.58 16.08 18.01 13.44 19.55 8.48 11.06 8.72 23.57 6.11 21.48 17.61 14.75 14.56 12.82 2.52 24.09 10.38 9.63 7.07 13.07 23.01 14.96 23.18 2.99 8.25 12.63 18.49 12.13 18.09 17.47 23.22 7.19 14.57 4.39 11.22 8.54 28.76 16.82 11.45 11.57 13.79 15.43 15.12 8.39 13.73 4.4 15.01 11.91 19.36 12.59 12.94 21.94 5.79 17.06 1.94 15.22 11.05 16.28 19.26 22.99 19.61 21.9 15.25 2.63 22.89 11.08 9.77 18.66 22.05 14.69 13.94 23.32 20.44 22.3 17.29 10.1 14.8 24.02 17.3 24.59 8.56 12.23 14.25 10.1 13.37 21.53 24.55 16.62 25.16 23.85 12.43 19.39 2.31 22.99 13.33 13.58 17.06 18.18 9.43 7.86 10.38 20.1 5.73 23.6 3.92 15.18 18.2 9.68 24.42 14.71 7.9 19.27 14.98 10.02 8.82 18.68 19.58 9.73 20.02 9.46 21.64 25.38 19.69 28.08 22.59 7.01 7.81 3.17 20.12 16.75 13.89 19.68 11.55 18.57 2.65 9.33 9.35 19.52 4.02 15.55 20.83 25.47 5.85 9.72 16.4 27.92 22.4 12.42 5.58 23.47 23.61 17.83 10.03 20.1 3.98 25.82 16.85 12.87 15.47 6.26 23.85 12.59 1.17 21.47 11.88 13.23 10.7 
26.53 27.39 29.87 15.18 21.45 14.4 26.31 10.42 0 36.68 3.6 38.06 22.92 11.58 27.18 22.81 15.81 29.36 13.79 22.64 19.01 23.71 27.99 7.61 22.36 14.56 0.6 25.62 3.71 30.07 12.98 32.75 17.3 35.66 21.94 10.32 9.74 24.42 35.67 28.86 28.41 29.36 26.92 26.03 15.15 25.94 24.38 28.03 27.69 28.1 21.51 3.96 6.13 32.05 30.49 27.61 28.43 27.09 2.16 1.49 15.83 21.42 35.5 5.53 23.51 33.33 20.1 28.65 28.84 19.97 36.96 28.9 26.97 21.78 26.61 15.42 6.29 16.58 18.59 28.91 9.66 20.09 28.65 25.23 25.61 22.89 27.52 3.25 21.44 16.05 33.98 6.42 30.53 25.21 17.19 20.88 22.02 11.3 28.51 17.95 18.85 10.28 17.18 30.17 25.04 33.6 8.04 17.4 22.45 27.68 20.01 23.81 26.53 31.62 13.29 24.94 6.43 1.51 6.69 38.97 26.66 15.37 20.34 20.04 25.7 23.24 16.69 22.74 8.77 25.34 20.6 27.68 23.01 22.54 32.23 10.95 27.09 8.67 20.8 18.77 26.08 28.31 33.06 29.92 28.58 23.02 7.92 26.77 21.5 2.86 28.78 31.74 24.24 24.07 33.53 27.12 32.38 23.69 19.5 22.84 29.63 27.55 29.09 6.74 22.4 17.51 16.52 19.3 29.6 34.94 25.71 35.48 33.84 22.51 27.54 9.36 28.4 19.22 23.23 25.64 28.48 8.3 14.38 4.58 26.15 7.28 29.02 7.06 24.8 27.24 18.34 34.41 21.46 11.97 26.97 24.5 20.31 18.92 29.1 29.29 17.44 30.28 16.14 27.54 35.76 29 38.37 32.56 15.55 18.02 7.25 29.97 27.14 15.38 28.13 17.24 28.28 9.34 18.33 18.59 29.84 8.04 24.59 29.44 35.87 9.29 19.78 26.81 38.01 27.19 20.18 6.04 28.92 28.19 25.22 2.79 27.12 8.69 36.19 27.02 22.97 20.6 10.89 27.91 22.29 11.56 31.08 12.21 23.51 17.58 
16.4 16.06 18.31 22.46 18.44 22.47 14.76 26.73 36.68 0 34.08 4.68 17.13 25.75 24.86 15.65 21.28 11.38 29.41 14.25 26.99 13 11.69 30.84 14.51 22.11 37.14 23.64 33.78 8.94 28.88 12.06 21.92 4.6 17.88 31.08 27.4 12.46 3.75 9.5 23.34 8.95 19.52 18.08 28.01 11.26 16.41 10.57 24.99 8.59 16.21 35.26 32 9.95 6.36 11.45 19.56 19.08 34.62 35.55 25.13 25.24 6.71 32.78 13.97 3.95 16.6 8.05 9.05 26.29 5.8 14.27 23.68 20.77 10.51 22.06 31.12 23.99 21.01 9.65 28 25.6 8.17 12.15 15.29 13.94 27.01 33.94 16.15 27.63 8.41 32.68 8.38 15.47 27.07 19.98 14.96 27.12 23.73 27.11 17.94 27.73 24.61 15.4 11.77 9.97 29.66 19.37 20.28 22.19 26.41 20.28 11.23 10.55 29.31 15.32 30.25 37.07 31.85 3.89 10.02 25.32 16.88 20.46 16.06 15.51 25.95 23.15 28.08 12.31 16.73 25.77 15.67 14.18 6.23 30.12 17.55 28.17 21.31 26.79 10.61 22.88 3.88 8.17 17.09 26.83 29.35 24.87 16.48 35.09 8.15 5.28 12.56 17.98 4.42 17.29 4.54 18.8 22.77 15.92 20.42 9.81 23.64 31.83 14.54 25.79 22.07 21.25 12.36 7.07 22.62 5.17 2.88 14.3 26.38 27.33 20.88 21.35 20.7 24.55 14.54 31.31 23.36 34.78 19.13 29.81 20.94 29.62 20.44 10.73 24.9 2.34 18.97 26.43 27.75 20.94 19.09 17.91 11.36 7.52 20.24 7.42 28.63 19.43 6.55 8.61 4.86 4.14 21.32 18.93 29.68 6.73 11.42 28.51 11.74 22.51 19.46 27.34 24.14 18.19 13.9 30.45 12.87 10.52 7.43 28.08 20.54 12.38 2.04 22.49 26.7 32.27 20.81 23.23 28.29 35.35 16.32 30.12 6.46 16.53 13.87 22.16 30.61 24.6 14.4 25.76 6.08 29.93 13.73 28.38 
25.26 23.99 28.94 13.6 18.12 12.35 23.02 7.4 3.6 34.08 0 35.17 21.48 10.13 27.08 19.69 13.87 26.19 10.22 19.88 15.42 21.24 24.86 4.05 20.06 12.1 4.2 22.02 4.64 27.06 13.24 29.47 16.13 32.77 18.63 11.05 8.34 22.08 32.83 26.75 28.1 26.41 26.1 22.57 15.35 23.11 21.05 26.01 27.59 25.5 18.49 6.12 2.56 30.22 28.03 24.53 27.64 26.21 1.88 2.11 15.34 21.34 32.48 1.93 21.42 30.9 17.67 26.13 25.93 16.37 33.99 27.46 26.71 18.28 23.8 12.34 5.92 15.88 15.21 25.91 8.72 16.49 25.96 23.05 24.11 20.55 23.94 4.08 18.44 12.45 30.88 2.86 28.43 23.7 17.31 19.77 19.79 7.87 28.24 14.36 16.57 9.48 16.72 28.9 22.34 30.41 4.68 15.12 18.95 24.09 16.42 23 24.41 29.84 9.71 21.67 4.35 4.93 7.15 36.17 24.11 14.87 18.28 18.93 22.35 21.49 13.09 19.16 7.13 22.4 18.58 24.09 19.86 20.12 29.33 7.36 23.63 5.94 19.96 15.18 23.56 24.72 30.37 27 27.48 19.44 4.77 26.66 18.42 4.83 26.05 29.3 21.86 20.65 30.72 26 29.68 22.62 15.96 21.12 28.95 24.7 28.81 7.19 19.62 17.36 15.22 18.29 27.94 31.9 22.12 32.56 31.21 19.8 23.95 6.95 27.77 18.22 19.7 22.04 25.14 8.83 12.93 6.47 25.26 6.25 28.4 4.93 21.26 25.13 14.75 31.78 20.21 11.12 23.4 20.95 17 16.18 25.94 26.83 15.72 27.43 12.57 26.72 32.74 26.77 35.47 29.95 13.46 15.2 4.41 27.43 24.11 15.72 26.3 16.23 24.75 7.05 14.76 16.3 26.5 4.48 22.46 27.55 32.8 8.18 16.37 23.7 35.31 26.77 16.59 2.45 28.29 27.86 21.67 4.97 25.87 5.12 33.18 23.6 20.24 19.92 7.33 27.76 19.81 8.47 28.69 12.73 20.63 14.01 
20.39 14.31 22.71 24.76 18.11 24.36 13.64 27.77 38.06 4.68 35.17 0 20.52 27.76 29.06 15.73 23.37 9.98 29.22 15.45 26.06 15.03 10.86 31.62 16.77 23.64 38.56 21.65 35.47 8.26 31.61 9.12 24.72 2.4 17.53 33.56 29.26 14.87 2.49 13.18 27.64 8.79 23.66 16.43 30.99 12.12 15.58 14.22 29.23 10.59 16.72 37.09 32.91 14.41 9.4 10.94 23.85 23.24 35.93 36.82 28.03 28.9 3.46 33.69 16.75 7.95 18.42 10.47 9.24 25.22 1.79 18.5 27.87 19.86 11.47 22.85 32.92 26.91 20.95 9.34 30.01 24.55 9.7 15.04 19.04 16.17 24.65 35.55 16.74 27.18 5.59 33.44 12.4 19.15 30.29 23.3 17.31 27.74 28.03 26.35 19.91 29.86 27.68 19.79 13.14 7.01 30.57 21.24 19.28 19.86 25.33 24.08 14.44 14.98 29.22 14.58 31.65 38.62 33.85 1.68 12.1 28.16 19.3 23.66 14.85 18.69 25.53 21.76 29.77 12.77 19.22 23.39 15.64 16.2 5.83 30.36 15.68 29.4 24.72 25.91 12.71 20.42 5.73 8.16 21.36 25.2 30.39 29.04 16.85 36.77 9.47 8.75 14.84 16.9 4.67 21.4 6.3 22.5 22.13 19.07 24.81 10.51 27.98 33.83 15.67 28.99 24.7 24.4 16.59 4.07 20.67 2.67 5.65 15.62 24.02 28.73 25.18 24.49 19.44 22.53 12.7 33.51 25.65 36.67 23.18 31.56 25.28 31.04 18.83 14.09 24.26 5.22 22.28 28.73 25.48 19.36 18.97 19.15 10.09 10.33 22.68 7.78 28.1 23.64 3.18 12.05 0.32 6.7 23.25 20.03 30.87 9.28 11.21 31.55 15.63 25.39 17.13 28.79 23.59 20.13 11.71 31.2 15.75 14.57 3.81 30 20.23 11.87 2.98 26.69 25.57 33.15 25.15 27.51 26.29 37.03 20.39 30.79 2.83 14.82 15.15 25.6 30.82 28.86 16.28 26.7 9.55 32.61 14.55 27.62 
3.91 19.35 8.18 7.88 15.83 9.46 17.04 15.57 22.92 17.13 21.48 20.52 0 11.41 10.58 13.64 7.9 17.09 22.06 9.95 23 7.58 15.78 19.74 6.14 10.63 23.22 24.43 19.4 15.63 12.29 20.85 5.73 18.59 15.68 14.88 13.26 6.75 18.12 7.65 10.14 14.61 6.19 19.97 11.06 11.63 16.7 6.58 10.98 10.53 12.33 20.36 20.29 9.49 11.13 14.99 7.54 6.03 21.24 22.22 8.4 8.5 19.69 20.95 4.56 13.19 7.49 10.28 13.88 22.97 20.34 5.99 9.49 18.91 11.63 13.44 16.67 7.28 16.03 14.75 13.28 22.41 11.73 5.76 2.69 6.46 28.26 19.74 12.03 21.68 19.42 21.34 9.02 2.3 9.96 2.87 5.63 17.4 10.5 22.42 7.04 12.72 7.62 7.47 10.07 20.13 18.31 7.86 18.98 24.66 23.11 4.36 6.09 8.97 21.65 16.1 17.13 22.81 16.78 20.63 9.3 8.7 4.98 3.46 17.74 2.06 20.34 22.01 14.38 12.43 4.64 27.42 13.99 7.13 15.94 21.05 20.41 16.01 4.2 22.65 8.82 25.62 14.81 14.57 6.37 25.4 17.63 10.36 12.84 20.62 12.12 11.93 7.06 18.09 16.13 4.97 14.3 2.7 19.09 1.86 9.09 12.51 10.81 16.75 10.13 8.68 6.41 4.3 6.77 19.42 23.66 18.76 14.95 9.52 27.8 14.77 8.38 4.4 20.07 25.19 19.02 15.73 8.59 19.76 5.22 15.66 8.9 16.55 21.1 6.46 20.46 15.46 1.87 11.07 28.5 21.32 15.36 9.98 16.78 10.23 5.87 14.24 22.74 6.68 19.81 8.56 20.83 13.83 8.58 10.82 17.4 11.31 14.28 11.51 5.82 6.03 22.92 14.58 19.63 7.22 19.73 19.51 5.17 7.23 20.42 13.64 16.72 15 19.03 8.67 23.49 20.6 8.75 9.91 27.89 20.84 4.53 19.55 20.12 19.44 9.72 5.08 21.57 10.8 7.54 15.22 11.12 13.39 11.2 23.4 
15.14 19.95 18.83 3.61 14.13 3.44 18.18 5.93 11.58 25.75 10.13 27.76 11.41 0 17.61 14.12 4.48 20.38 13.68 12.54 16.9 12.82 18.89 9.14 11.24 4.77 11.92 21.4 8.21 20.37 6.17 24.2 6 25.43 14.41 6.52 1.85 13.3 25.29 17.41 18.38 19.5 16.04 19.34 7.45 15.87 16.66 16.53 18.13 17.32 12.5 9.53 9.3 20.48 19.43 18.31 17.58 16.12 9.83 10.82 5.97 12.12 25.68 9.86 12.1 22.18 9.34 17.72 18.87 17.39 26.93 17.4 17.07 16.02 16.41 7.96 5.47 6.13 12.18 19.21 2.25 17.1 18.09 13.88 14.08 11.82 24.58 8.48 12.3 14.46 24.51 10.45 19.06 13.67 8.82 9.65 10.81 8.43 18.57 15.96 7.87 2.18 7.24 18.78 14.65 24.5 7.77 6.52 16.49 22.72 17.5 12.95 15.11 20.04 13.12 16.79 5.8 11.62 6.11 28.45 15.82 5.54 8.97 8.81 18.06 11.66 13.84 18.37 3.01 15.65 9.19 24.2 14.42 11.64 22.08 11.62 20.24 5.32 9.94 16.55 15.21 23.59 22.38 19.91 17.34 20.52 6.95 17.22 12.71 9.5 18.29 20.62 13.2 17.11 23.11 15.87 21.71 12.5 14.68 11.26 18.93 17.43 19.11 6.09 12.39 8.33 5.09 8.2 18.03 25.19 21.03 25.36 23.02 12.29 24.33 4.05 17.8 8.14 17.58 21.83 20.55 5.83 2.83 9.03 15.17 4.3 18.43 5.25 19.12 15.8 14.85 23.59 10.08 2.06 24.43 19.05 13.05 9.13 20.08 18.24 5.88 20.09 15.28 16.65 25.9 17.67 28.08 21.73 4.51 8.69 6.4 19.04 17.7 8.07 16.56 6.17 22.21 3.75 14.3 7.64 21.76 9.04 13.2 17.89 26.19 2.36 13.43 17.72 27.28 16.98 17.83 9.6 18.31 18.14 23.16 9.74 15.75 9.32 26.31 19.74 12.75 10.01 12.05 18.23 11.5 6.39 19.91 6.59 13.72 16.45 
8.81 29.93 6.95 15.25 26.23 17.54 27.61 23.27 27.18 24.86 27.08 29.06 10.58 17.61 0 24.2 16.31 27.44 30.73 20.53 32.66 18.11 26.21 26.75 16.73 19.31 27.26 34.84 23.49 25.71 14.22 31.06 12.26 27.54 26.13 17 19.08 17.15 26.9 16.07 1.96 24.72 5.41 30.55 12.06 22.07 27.27 15.14 0.52 20.37 22.82 23.6 26.79 15.05 20.03 25.41 5.37 5.83 26.15 27.03 11.79 5.77 29.03 27.24 15.06 21.13 17.83 19.85 24.01 32.79 29.31 10.59 1.2 29.22 21.97 22.77 21.26 11.48 26.04 24.96 18.42 32.29 21.6 15.87 10.57 17.04 38.62 24.01 22.52 30.88 29.17 27.95 16.66 10.63 10 9.49 16.2 25.58 1.75 31.94 17.02 17.64 10.44 9.66 20.54 30.09 25.38 17.35 29.37 35.19 32.93 6.26 15.63 14.41 30.23 26.68 23.04 26.49 20.5 28.71 19.4 12.26 15.26 10.02 28.32 12.56 29.78 32.27 20.36 22.95 14.97 37.84 24.54 17.71 25.49 29.06 30.99 22.93 8.32 32.3 19.02 36.15 23.68 24.54 7.79 35.47 24.56 0.42 23.32 24.39 22.02 20.38 17.51 28.62 25.24 7.68 23.33 7.88 29.1 12.44 5.02 22.76 2.29 20.45 20.7 9.73 13.3 10.16 12.5 28.88 34.11 27.84 23.45 20.1 38.18 21.66 4.12 10.16 30.48 35.56 29.55 18.89 15.43 22.92 6.03 20.84 4.29 22.61 31.59 15.65 30.19 23.84 9.94 16.09 38.79 31.78 25.64 20.12 27.14 19.49 14.45 24.06 31.87 5.43 29.09 17.35 29.33 22.6 17.15 20.78 23.95 20.56 24.71 11.91 13.54 11.74 33.5 21.36 29.42 17.12 30.19 26.65 15.43 14.49 29.82 19.02 26.88 25.5 26.9 2.37 33.3 27.07 4.36 1.92 38.04 24.53 8.71 26.92 29.32 30.02 20.3 7.87 29.53 0.77 18.12 23.35 19.63 15.07 21.79 32.76 
16.55 6.15 20.87 12.36 3 10.84 4.11 12.39 22.81 15.65 19.69 15.73 13.64 14.12 24.2 0 10.64 6.56 13.76 3.76 11.77 6.58 5.18 15.98 7.54 9.37 23.35 11 20.7 7.49 19.57 10.17 14.02 13.35 2.55 20.6 15.13 7.85 13.57 12.24 23.77 6.99 19.66 6.36 19.87 4.64 3.1 12.25 24.61 8.09 1.66 22.5 17.32 16.46 10.94 4.86 20.8 19.41 20.66 21.48 17.04 20.96 12.84 18.1 9.47 13.56 6.59 9.05 6.69 11.27 14.41 16.84 23.13 6 5.39 7.39 18.43 16.2 5.36 6.4 16.16 10.59 7.82 9.51 14.51 7.34 14.88 20.67 1.92 12.02 11.19 17.78 13.48 14.25 20.12 15.04 8.02 12.05 24.13 11.7 7.86 16.29 17.42 18.86 5.1 10.8 15.02 8.42 5.82 11.02 11.41 17.94 10.6 16.47 13.68 2.78 16.59 23.57 19.7 16.92 7.45 16.93 9.07 14.81 4.32 11.79 10.33 9.04 15.26 3.4 9.31 13.94 0.36 6.59 10.01 14.65 6.92 14.19 16.52 11.52 7.27 11.98 11.78 7.7 18.91 12.79 14.95 23.95 1.41 21.94 7.69 12.13 7.42 4.46 11.63 17.88 11.13 16.34 7.39 11.83 22.31 5.88 24.41 19.7 3.54 18.97 13.4 15.12 15.9 12.25 10.15 13.07 12.84 4.18 14.36 13.78 21.83 15.17 6.76 11.83 6.47 19.85 13.05 22.2 18.72 17.06 22.29 16.02 7.54 11.14 9.45 13.34 14.36 15.72 15.25 7.83 3.45 5.16 6.29 10 11.26 8.31 13.05 20.04 13.11 11.35 16.02 11.74 10.08 5.43 15.56 9.98 4.52 20.53 13.68 14.82 9.36 13.92 8.63 7.89 7.65 15.55 9.56 14.1 13.13 15.94 4.97 4.01 16.41 22.31 11.75 17.55 22.13 23.54 14.98 22.2 17.01 15.1 13.55 6.09 4.1 17.3 15.12 24.44 6.14 11.26 11.88 20.31 2.84 12.95 
11.81 16.74 15.93 1.73 11.41 1.57 14.74 7.67 15.81 21.28 13.87 23.37 7.9 4.48 16.31 10.64 0 16.48 14.55 8.4 16.42 8.37 14.98 11.85 6.76 3 16.2 19.57 12.61 16.2 8.96 20.39 4.17 21.06 11.55 10.35 6.18 8.82 20.89 13.05 16.62 15.29 13.48 16.51 9.27 11.64 13.5 12.23 16.8 12.87 8.97 14 12.47 16.35 14.95 14.34 14.98 13.45 13.92 14.9 6.56 11.63 21.41 13.15 7.7 17.71 4.99 13.25 14.62 16.65 22.6 13.75 15.51 13.91 12.12 6.54 9.9 5.92 10.27 15.05 6.72 16.2 13.68 9.45 10.4 7.34 23.11 12.84 8.72 14.57 20.36 13.49 14.72 9.99 9.75 7.08 6.34 9.62 16.89 15.66 3.47 6.5 7.23 15.36 10.33 20.48 10.42 2.3 14.24 20.48 16.78 10.65 10.72 15.96 14.08 13.41 9.6 15.99 10.58 24.01 11.36 6.38 4.54 6.38 14.86 7.64 13.49 16.7 7.04 11.58 4.79 22.53 10.98 7.19 17.75 13.25 17.29 8.18 8.01 16.07 10.75 21.41 17.93 15.64 14.22 19.51 9.77 15.96 9.3 13.92 13.9 16.15 8.72 14.3 18.7 12.77 17.26 9.69 13.22 7.28 16.47 13.16 17.35 10.56 8.3 8.75 3.22 6.15 14.09 20.95 19.02 21.01 18.55 8.09 22.76 6.98 15.5 6.15 15.39 20.15 17.09 10.15 2.45 13.5 12.52 8.64 16.1 8.98 16.78 11.43 14.03 19.12 7.09 5.42 23.13 16.83 10.5 5.48 16.17 13.76 2.07 15.76 15.57 14.06 21.62 13.24 23.69 17.26 0.85 5.48 9.62 14.57 13.69 9.93 12.43 4.85 19.51 6.84 13.31 3.26 18.21 11.61 8.79 13.69 21.95 6.81 11.35 13.86 22.81 15.12 17.14 12.77 15.96 16.37 22.15 14.17 12.43 11.65 22.02 16.61 8.55 8.46 13.77 16.79 7.09 7.4 15.44 9.77 9.68 16.45 
18.88 4.69 22.68 18.15 8.35 16.99 3.67 18.94 29.36 11.38 26.19 9.98 17.09 20.38 27.44 6.56 16.48 0 19.36 8.16 16.08 9.61 1.5 22.4 11.32 15.73 29.9 12.26 27.24 2.61 25.42 3.94 19.19 7.8 7.78 26.75 21.54 10.35 8.3 12.5 26.59 3.2 22.31 6.7 25.41 5.48 5.64 13.05 27.77 7.47 7.99 29.03 23.78 16.11 9.33 2.19 23.12 21.97 27.2 28.01 22.45 25.32 6.7 24.55 12.53 10.91 11.7 8.29 3.73 15.26 8.4 18.22 26.28 9.88 5.48 13.94 24.93 21.47 11.29 2.67 22.51 14.59 6.36 11.58 16.95 10.84 15.72 27.22 8.14 17.24 4.79 24.17 13.02 16.83 25.31 19.23 11.94 18.45 26.98 16.37 13.22 22.56 22.57 20.12 7.06 4.24 21.51 14.19 9.3 10.94 15.38 21.41 12 16.38 19.4 4.71 23.15 30.13 26.14 11.43 8.11 22.43 13.65 19.24 4.88 15.03 15.62 11.9 21.75 4.99 13.76 14.51 6.35 10.39 5.16 20.71 6.19 20.75 20.78 15.93 8.43 11.71 7.94 3.82 20.84 15.5 21.47 27.28 7.92 28.49 5.95 10.04 10.04 6.92 6.96 20.2 7.52 19.7 12.18 15.25 24.49 4.72 27.14 26.14 8.21 24.07 18.79 19.75 16.72 6.07 11.25 7.37 9.09 8.53 15.1 20.32 24.34 19.83 9.51 13.18 3.23 26.18 18.94 28.71 21.51 23.55 24.68 22.58 9.09 12.18 14.3 9.4 18.35 21.81 16.43 9.6 9.34 11.25 0.32 9.06 16.59 4.66 18.14 22.55 6.99 11.21 10.23 8.5 16.07 11.79 22.11 8.33 2.9 26.05 14.75 19.98 8.27 20.46 13.64 13.35 3.04 21.96 12.03 14.53 6.82 22.33 10.42 2.66 11.45 25.28 15.63 24 24.52 26.39 16.91 28.75 19.18 21.48 7.43 5.15 8.12 21.64 21.15 27.51 10.16 17.79 10.25 26.25 6.82 17.64 
25.92 15.93 30.25 15.48 11.12 13.2 15.75 7.75 13.79 29.41 10.22 29.22 22.06 13.68 30.73 13.76 14.55 19.36 0 15.82 5.29 18.26 18.36 6.57 17.92 11.57 14.39 12.17 13.99 21.01 19.41 21.85 18.48 26.91 11.7 18.42 12.88 19.47 27.21 24.52 31.15 20.67 27.97 14.08 21.04 18.24 13.73 24.13 31.24 21.46 13.33 15.86 7.87 28.63 24.31 18.32 29.45 27.91 12.01 12.32 19.56 25.58 26.06 8.31 19.88 27.1 15.47 22.34 20.43 6.31 27.74 27.36 30 9.8 19 8.75 13.48 19.49 8.41 20.03 14.02 6.57 21.44 20.96 24.19 18.18 13.74 13.58 13.45 2.48 24.13 7.37 26.06 23.8 22.49 21.63 17.98 5.25 31.41 4.28 15.23 14.72 20.73 29.21 18.15 23.27 7.07 14.21 10.48 14.42 6.33 25.2 22.34 28.45 0.59 14.66 10.48 15.15 15.18 30.53 20.44 19.16 17.38 20.93 14.71 21.13 3.82 9.59 11.86 17.11 17.74 13.96 13.76 17.47 23.67 2.89 15.13 8.89 22.5 5.1 20.05 14.92 25.53 21.41 28.42 9.25 7.81 30.36 12.99 14.69 21.37 25.58 19.11 12.7 25.35 27.03 24.88 24.17 7.32 20.9 30.96 19.61 31.88 15.21 15.49 21.96 17.43 20.63 27.14 25.43 12.45 26.56 26.58 15.97 13.78 9.89 30.03 20.62 10.85 12.05 17.38 16.47 15.35 15.99 27 12.68 30.63 10.41 12.22 23.04 5.41 27.09 21.58 15.64 13.19 11.8 10.34 13.01 19.2 23.23 16.57 22.06 2.35 28.53 26.34 24.02 29.49 25.45 13.74 11.9 8.85 23.45 18.15 21.62 25.05 18.99 15.61 10.24 5.85 15 18.71 6.26 20.61 25.96 26.16 13.4 9 17.37 30.14 29.66 6.45 7.87 30.49 30.9 11.45 14.89 26.52 5.59 26.78 15.45 16.27 22.86 2.9 31.26 17 7.41 25.19 19.44 15.89 3.79 
12.78 9.46 17.12 10.03 6.4 9.1 7.18 12.49 22.64 14.25 19.88 15.45 9.95 12.54 20.53 3.76 8.4 8.16 15.82 0 14.82 2.88 6.67 16.59 3.81 8.2 23.13 14.75 20.03 7.84 17.28 12.09 11.08 13.06 6.09 18.74 13.91 4.18 13.04 8.94 20.04 6.96 15.91 10.03 17.25 3.36 6.76 8.79 20.93 5.79 2.84 21.68 17.75 13.17 8.57 5.98 17.04 15.65 20.53 21.44 14.3 17.6 13.15 18.54 5.7 11.42 3.54 6.59 6.35 14.48 14.47 13.15 19.44 9.55 3.98 7.83 17.51 13.35 7.79 6.67 14.75 13.82 6.09 5.86 10.75 3.58 18.62 20.1 2.6 14.49 11.98 18.43 10.37 10.49 17.22 11.57 4.34 12.91 20.41 14.56 5.07 14.7 14.47 15.16 2.49 12.08 15.41 6.12 9.46 14.76 14.62 14.29 7.05 13.11 15.61 6.15 16.22 23.18 18.53 16.33 4.63 14.27 5.68 11.43 7.79 8.05 12.86 12.66 14.35 3.19 5.86 17.69 4.09 2.85 9.65 16.08 10.46 14.02 13.09 14.52 4.23 15.72 10.5 7.41 15.16 16.32 15.13 20.3 3.35 21.33 6.17 9.85 3.76 8.22 10.89 14.12 9.81 12.66 10.47 8.12 18.55 4.95 20.68 18.52 0.33 16 10.63 11.84 12.31 12.65 13.9 12.93 11.37 0.44 18.12 13.29 18.08 11.91 10.46 15.56 9.33 18.37 10.84 21.28 14.98 16.14 18.54 15.6 11.3 7.66 12.33 11.94 10.81 13.8 18.97 11.58 6.34 3.72 7.84 7.45 8.43 7.68 15.58 16.29 13.38 8.27 15.76 10.13 8.09 4.68 15.52 7.79 5.31 17.89 10.1 11.87 12.97 13.35 11.48 5.21 10.25 16.2 5.84 10.66 13.65 14.67 7.93 5.62 15.43 18.6 14.98 18.02 18.38 19.82 18.62 21.59 13.25 15.88 13.8 9.51 0.46 13.91 16.59 20.75 2.42 11.5 9.4 18.14 1.38 15.75 
26.62 11.97 31.05 17.75 8.78 15.41 12.43 11.39 19.01 26.99 15.42 26.06 23 16.9 32.66 11.77 16.42 16.08 5.29 14.82 0 17.62 15.39 11.57 17.81 13.5 19.61 6.96 18.88 18.16 23 17.89 20.58 23.87 9.28 22.49 16.58 18.92 24.31 23.76 32.77 18.04 29.16 9.92 24.33 16.4 10.61 23.59 33.14 19.86 12 20.8 12.97 27.99 22.71 15.55 30.54 29.02 17.15 17.53 22.37 28.01 22.71 13.49 19.89 25.28 15.68 20.82 17.98 1.07 24.43 27.59 31.79 6.24 17.14 9.9 17.96 22.06 7.14 17.35 17.79 1.58 19.54 20.55 24.7 17.9 8.54 18.52 12.22 2.97 20.65 12.59 25.13 24.36 25.5 23.21 18.05 9.01 33.08 1.07 15.96 18.39 23.36 29.55 16.77 19.58 11.74 15.35 6.79 9.29 1.06 26.7 21.83 27.92 5.74 11.68 15.02 20.32 19.66 27.51 19.15 22.03 18.03 22.64 11.2 21.65 3.06 4.76 15.78 15.12 18.38 8.68 11.64 17.12 20.91 8.06 10.89 13.01 24.35 0.36 18.9 9.71 23.18 18.82 29.13 4.05 12.34 32.32 11.53 19.7 19.37 23.89 18.51 9.16 22.69 27.86 22.58 25.42 4.39 21.52 32.08 17.5 33.49 19.69 14.5 24.76 19.6 22.53 27 22.07 7.36 23.45 24.31 15.1 8.53 13.7 31.32 22.54 6.69 6.77 13.56 20.74 17.88 20.85 28.17 16.96 31.87 14.81 7.71 22.47 2.55 24.76 22.94 18.95 8.08 7.22 8.51 13.1 15.99 21.77 18.21 19.58 3.01 29.67 23 23 26.3 23.31 15.57 12.18 13.39 21.74 15.58 24.96 24.81 21.23 10.83 14.04 3.4 15.79 14.78 11.2 20.38 25.47 22.68 17.23 6.91 14.62 27.4 31.26 1.17 13.01 31.72 32.53 6.49 19.91 27.18 10.51 23.42 11.46 15.26 24.87 8.16 33.09 16.62 10.6 23.65 23.22 14.43 1.79 
10.04 11.85 14.31 9.73 9.29 9.49 9.53 14.02 23.71 13 21.24 15.03 7.58 12.82 18.11 6.58 8.37 9.61 18.26 2.88 17.62 0 8.24 18.28 1.83 9.17 24.16 17.58 20.79 8.49 16.7 13.46 9.98 12.76 8.97 18.54 14.42 1.31 12.54 6.26 17.48 7.49 13.27 12.67 16.31 4.13 9.45 5.98 18.48 4.5 5.71 22.29 19.32 10.44 6.8 7.46 14.33 12.99 21.67 22.62 13.32 15.71 13.31 20.09 3.06 9.66 3.61 4.95 6.76 17.32 14.36 10.27 16.98 12.43 4.29 9.83 18.13 12.25 10.52 7.47 15.08 16.67 5.34 2.97 8 1.27 21.46 20.94 5.45 17.12 12.56 20.11 7.8 7.78 15.95 9.63 2.43 14.85 17.85 17.31 4.96 14.87 13.22 12.29 2.55 13.01 17 6.37 12.34 17.48 17.46 11.94 4.22 10.33 18.01 8.71 17.29 24.08 18.93 15.64 3 13.38 4.37 9.67 10.33 5.55 15.53 15.54 15.09 4.85 4.37 20.5 6.88 1.19 9.55 18.23 12.99 15.3 11.18 17.31 2.39 18.42 9.56 7.65 12.35 19.21 16.6 17.91 6.22 22.1 5.6 8.06 0.89 11 10.36 11.38 8.89 10.25 13.31 5.71 15.81 5.28 18.09 18.91 3.18 14.68 9.8 10.23 9.44 12.91 16.71 12.75 10.21 2.54 20.94 14.39 15.41 10.31 13.32 18.41 11.45 18.51 10.62 21.82 12.37 16.81 15.84 16.66 14.1 4.86 15.11 10.78 8.75 13.7 21.83 14.4 9.19 5.4 9.29 5.59 7.69 7.6 18.21 13.61 13.49 5.8 15.35 8.92 8.35 6.52 16.83 6.27 6.74 16.92 7.22 10.72 15.53 14.38 14.25 5.2 12.16 17.92 2.98 7.86 13.93 15.12 10.76 7.43 14.46 16.07 17.82 19.6 15.69 17.26 21.5 22.35 10.48 17.7 13.87 11.98 2.49 12.04 18.76 18.26 1.43 13.17 7.45 17.66 3.83 18.47 
17.74 4.78 21.65 16.65 7.25 15.5 3.07 17.57 27.99 11.69 24.86 10.86 15.78 18.89 26.21 5.18 14.98 1.5 18.36 6.67 15.39 8.24 0 21.12 9.92 14.26 28.53 12.2 25.81 2.77 23.92 5.42 17.72 8.56 6.68 25.26 20.07 9.06 8.94 11.63 25.41 2.86 21.14 6.56 23.92 4.15 4.79 12.09 26.55 6.59 6.55 27.59 22.48 15.43 8.78 0.79 22.01 20.81 25.84 26.66 20.97 23.93 7.76 23.26 11.22 10.7 10.22 7.49 3.12 14.64 9.4 17.23 25.05 9.15 4.27 12.57 23.48 20 10.14 2.16 21.03 13.95 5.6 10.38 15.77 9.45 15.83 25.8 6.69 16.34 6.02 22.91 12.32 15.64 23.85 17.85 10.53 17.18 25.8 15.6 11.73 21.07 21.1 19.16 5.71 5.66 20.19 12.69 8.63 11.15 14.76 20.12 10.91 15.65 18.37 3.74 21.75 28.73 24.68 12.21 7.01 20.94 12.2 17.83 4.38 13.73 14.68 11.46 20.3 3.53 12.32 14.65 5.01 8.97 5.52 19.58 6.28 19.36 19.4 15.21 7.27 11.98 8.01 3.62 19.77 15.17 20.13 26.03 6.51 27.07 5.24 9.65 8.73 6.29 7.32 19.07 7.5 18.41 11.31 13.93 23.41 3.69 25.98 24.67 6.71 22.62 17.31 18.33 15.81 7.15 11.19 8.2 9.17 7.05 15.22 18.9 23.2 18.4 9.01 13.11 3.67 24.7 17.44 27.26 20.31 22.1 23.56 21.17 8.84 11.16 13.45 9.56 16.98 20.32 16.47 9.32 8.17 9.76 1.19 8.34 15.1 4.47 17.27 21.4 8.04 10.39 11.13 8.39 14.58 10.32 20.74 7.75 1.5 24.56 13.77 18.51 8.61 19.03 12.75 11.86 4.01 20.69 10.78 13.67 7.98 20.86 9.37 1.19 12.01 24.07 15.03 22.71 23.4 25.21 16.79 27.33 18.07 20.22 8.48 5.16 6.65 20.25 20.03 26.3 8.72 16.44 9.75 24.76 5.32 16.87 
23.64 20.01 27.63 12.07 14.21 10.28 19.13 4.33 7.61 30.84 4.05 31.62 19.74 9.14 26.75 15.98 11.85 22.4 6.57 16.59 11.57 18.28 21.12 0 17.32 9.47 8.22 18.03 7.43 23.43 13.91 25.57 14.94 29.22 14.74 12.4 7.73 19.25 29.35 24.14 27.51 22.84 24.98 18.54 15.81 19.69 17.14 23.49 27.27 22.33 14.9 9.29 1.49 27.86 24.99 20.84 26.51 25.02 5.62 6.13 15.01 21.19 28.82 2.19 18.91 27.87 14.82 23.04 22.41 12.47 30.37 25.59 26.21 14.24 20.41 8.81 7.19 15.27 11.27 22.31 8.62 12.55 22.67 20.41 22.24 17.75 20.11 7.02 14.89 8.59 27.13 1.84 25.8 21.83 17.54 18.5 17.15 3.95 27.71 10.5 13.95 9.4 16.34 27.2 19.07 26.6 1.43 12.58 14.91 20.07 12.53 21.95 21.8 27.54 6 17.81 4.28 8.83 8.85 32.7 21.02 14.56 15.89 17.69 18.41 19.4 9.09 15.13 6.48 18.87 16.22 20.18 16.12 17.22 25.81 3.69 19.61 3.85 18.99 11.3 20.5 20.71 27.06 23.47 26 15.61 2.19 26.35 14.78 8.15 22.72 26.27 18.98 16.66 27.28 24.53 26.37 21.3 11.91 19.07 27.93 21.25 28.24 8.89 16.3 17.29 13.93 17.18 25.82 28.22 18.1 28.98 27.96 16.57 20.08 5.14 26.84 17.13 15.65 18.08 21.2 10.3 11.6 9.42 24.06 6.69 27.46 4.44 17.21 22.53 10.73 28.52 18.75 10.74 19.62 16.91 13.12 12.99 22.17 23.81 13.87 23.95 8.86 25.59 29.08 23.99 31.92 26.71 11.24 11.93 2.89 24.3 20.46 16.31 24 15.23 20.7 5.41 10.72 13.68 22.56 0.44 19.88 25.15 29.1 7.98 12.39 19.98 31.95 26.1 12.73 1.64 27.34 27.27 17.95 8.36 24.25 1.08 29.53 19.61 16.98 19.13 3.85 27.37 16.86 5.12 25.72 13.71 17.19 10.3 
9.09 13.22 13.48 8.02 9.93 8 10.92 13 22.36 14.51 20.06 16.77 6.14 11.24 16.73 7.54 6.76 11.32 17.92 3.81 17.81 1.83 9.92 17.32 0 7.96 22.79 18.45 19.32 10.31 14.9 15.21 8.15 14.52 9.71 16.79 12.91 2.06 14.28 6.83 16.23 9.31 12.12 13.84 14.48 5.88 10.57 6.27 17.12 6.18 6.34 20.76 18.26 10.76 8.2 9.15 13.29 11.88 20.37 21.33 11.49 14.02 15.12 19.01 2.08 10.99 2.52 6.5 8.58 17.62 16.15 9.78 15.63 13.07 6.1 9.25 16.63 10.43 10.68 9.27 13.49 17 7.11 3.11 7.07 0.6 22.31 19.5 6.05 17.01 14.39 19.12 8.48 6.78 14.13 7.94 0.62 14.09 16.6 17.4 3.51 13.24 11.4 11.75 4.31 14.81 15.98 4.97 13.07 18.56 17.76 10.49 4.52 10.54 17.61 9.95 15.99 22.65 17.34 17.32 4.67 11.56 2.55 7.92 11.59 4.25 15.49 16.2 13.65 6.44 2.54 21.42 7.87 0.99 11.36 17.6 14.26 14.13 9.48 17.49 4.06 19.51 11.22 9.48 11.52 19.75 15.52 16.5 6.87 20.63 7.4 9.41 1.97 12 12.11 10.41 10.57 8.85 13.63 4.31 14.82 7.1 16.88 17.32 4 12.86 7.98 8.44 9.27 14.73 17.64 14.54 11.79 3.38 21.82 13.14 14.3 8.52 14.12 19.24 12.96 16.84 8.92 20.27 11.18 15.34 14.77 15.35 15.06 5.24 15.27 12.36 7.11 12 22.61 15.31 9.63 4.92 11 7 5.91 9.42 18.1 12.52 15.3 6.71 17.09 10.51 6.85 6.02 15.65 7.81 8.43 15.09 7.14 8.89 16.78 13.09 14.41 3.78 13.76 16.98 2.69 8.06 15.75 13.57 11.13 9.02 16.06 14.79 18.13 18.55 14.61 16.01 22.15 20.88 9.59 16.81 15.68 13.3 3.57 10.34 18.14 16.93 1.4 12.25 8.73 15.87 5.07 18.51 
14.54 15.18 18.77 4.26 9.41 1.96 13.42 5.15 14.56 22.11 12.1 23.64 10.63 4.77 19.31 9.37 3 15.73 11.57 8.2 13.5 9.17 14.26 9.47 7.96 0 15.03 17.09 11.83 15.93 10.61 19.5 7.11 21.26 9.67 11.29 5.81 9.97 21.22 14.73 19.62 15.12 16.41 14.62 11.4 11.56 11.89 14.04 19.8 13.53 7.78 13.49 10.32 18.39 15.97 13.72 17.9 16.36 12.51 13.45 9.04 14.51 21.32 11.06 9.45 18.82 5.57 14.1 14.53 13.78 22.67 16.27 18.52 11.53 12.17 3.7 9.32 8.6 7.75 14.75 6.8 13.37 14.12 11 12.96 8.45 20.5 11.92 7.6 11.58 20.02 11.22 16.4 12.56 12.24 10.06 7.73 6.77 19.89 12.71 4.51 6.93 9.92 17.99 10.53 19.9 8.09 3.11 11.95 18.22 13.91 13.63 12.38 18.07 11.12 12.02 8.13 15.01 10.43 24.48 12.1 8.76 6.43 9.38 13.29 10.01 10.53 14.13 6.15 11.16 6.76 19.99 9.67 8.03 17.85 10.42 15.5 6.17 11.01 13.14 11.52 19.12 18.52 15.6 17 16.73 7.57 18.95 7.96 13.13 14.26 17.23 9.76 12.39 19.05 15.58 17.83 12.61 10.53 9.71 19.4 13.16 20.35 10.42 8 11.37 6.1 9.15 16.39 20.8 16.63 21.14 19.28 8.03 20.18 5.22 18.46 9.15 13.07 17.61 15.78 10.48 4.51 13.1 15.44 7.95 19.06 7.5 14.56 13.11 11.16 19.85 10.01 6.54 20.45 14.54 8.37 4.56 15.43 14.77 4.99 15.88 12.57 16.98 21.56 14.68 23.96 18 2.17 3.95 7.69 15.41 13.15 12.07 14.53 7.74 17.53 5.22 10.47 4.24 17.01 9.17 10.44 15.69 21.77 6.61 8.93 13.07 23.46 18.12 14.26 10.62 18.92 19.37 19.37 13.39 15.15 9.1 21.98 14.97 8.49 11.45 10.95 19.8 7.75 4.62 16.6 11.2 9.24 13.47 
26.79 27.97 30.08 15.52 22.02 14.81 26.87 10.96 0.6 37.14 4.2 38.56 23.22 11.92 27.26 23.35 16.2 29.9 14.39 23.13 19.61 24.16 28.53 8.22 22.79 15.03 0 26.22 3.89 30.59 13.04 33.31 17.57 36.16 22.5 10.33 10.08 24.84 36.17 29.24 28.52 29.87 27.11 26.62 15.21 26.44 24.94 28.41 27.76 28.56 22.04 3.83 6.74 32.39 30.94 28.14 28.61 27.28 2.72 2.09 16 21.5 36.02 6.14 23.9 33.76 20.55 29.11 29.35 20.57 37.47 29.19 27.07 22.37 27.1 15.96 6.55 16.78 19.17 29.43 9.94 20.69 29.13 25.63 25.91 23.32 28.12 3.48 21.96 16.65 34.51 7.02 30.91 25.51 17.26 21.12 22.44 11.88 28.61 18.56 19.28 10.54 17.34 30.43 25.53 34.14 8.63 17.83 23.04 28.28 20.62 24.01 26.92 31.95 13.89 25.5 6.91 1.07 6.81 39.46 27.11 15.54 20.74 20.29 26.27 23.58 17.29 23.35 9.16 25.86 20.99 28.28 23.56 22.99 32.73 11.55 27.68 9.19 21 19.37 26.53 28.92 33.54 30.43 28.81 23.62 8.49 26.84 22.03 2.86 29.26 32.17 24.68 24.65 34.02 27.36 32.85 23.93 20.1 23.17 29.79 28.05 29.19 6.86 22.9 17.62 16.82 19.54 29.91 35.47 26.31 35.99 34.31 23 28.14 9.84 28.56 19.46 23.82 26.24 29.05 8.37 14.71 4.48 26.36 7.61 29.17 7.54 25.4 27.63 18.94 34.88 21.73 12.22 27.57 25.1 20.88 19.41 29.64 29.73 17.79 30.78 16.74 27.73 36.28 29.41 38.87 33.02 15.96 18.53 7.79 30.42 27.67 15.41 28.47 17.48 28.88 9.81 18.93 19.02 30.41 8.64 24.98 29.8 36.39 9.6 20.37 27.35 38.48 27.32 20.78 6.65 29.08 28.3 25.82 2.74 27.38 9.3 36.71 27.6 23.46 20.78 11.49 27.99 22.74 12.11 31.51 12.24 24.01 18.18 
