250 31125
2.96 6.86 9.59
998761
71 5 1 10 68 8 24 22 35 4 48 17 68 55 70 87 89 15 78 99 68 79 59 93 55 68 83 25 78 69 75 75 72 97 94 49 88 84 84 25 30 85 38 92 7 14 25 90 61 57 24 66 30 9 82 56 86 24 24 21 55 64 42 79 37 31 47 78 63 100 98 58 32 90 56 82 89 79 52 16 21 53 24 58 6 80 88 5 16 8 44 16 12 68 30 82 63 44 46 100 75 26 2 65 100 63 96 19 10 89 50 71 51 12 44 63 24 25 24 95 9 53 7 13 72 38 26 46 22 14 75 18 64 1 52 41 71 25 92 71 23 16 97 41 77 53 54 69 71 46 50 100 36 34 9 49 48 93 66 53 57 36 16 45 31 86 84 40 85 7 34 78 68 61 20 71 95 40 17 4 56 70 10 10 10 39 78 64 80 77 1 72 20 43 18 89 64 71 82 60 93 53 88 47 76 82 95 21 78 82 64 31 82 50 33 74 50 100 74 34 59 34 1 27 5 17 29 2 42 11 14 94 83 52 45 91 8 70 50 74 5 98 29 51 74 4 57 24 17 30 
0 27.38 24.28 11.85 26.41 11.51 22.21 23.58 16.74 25.04 8.19 14.15 15.13 29.03 10.54 15.1 19.62 22.57 18.47 25.59 22.58 32.61 12.78 25.63 27.91 17.21 22.69 20.87 6.88 17.23 28.96 10.12 27.35 25.97 9.58 19.38 17.49 19.16 21.92 30.26 13.7 11.92 13.57 20.64 15.37 14.09 20.84 23.06 16.93 16.33 32.58 9.61 11.32 4.74 18.86 7.81 12.01 27.7 25.1 10.04 15.82 24.5 21.99 31.28 25.5 25.61 18.38 28.31 14.05 13.76 27.26 19.94 22.29 28.55 12.98 21.24 16.44 12.78 13.43 11.36 21.98 31.08 27.51 18.93 29.65 29.2 15.13 7.08 20.88 31 7.66 21.22 28.04 12.54 29.02 14.53 22.83 8.7 19.1 14.62 19.43 24.97 12.43 23.28 5.29 13.26 25.3 5.84 34.31 9.37 19.87 27.09 29.41 6.9 9.16 29.33 26.42 13.03 21.92 14.76 10.77 14.9 9.46 24.35 7.94 13.93 14.2 29.89 29.26 19.87 13.77 28.97 30.58 7.54 8.73 28.76 21.05 18.29 33.63 31.33 17.18 32.41 27.38 22.17 29.46 21.55 19.28 5.32 27.26 25.58 19.92 8.97 20.11 19.78 8.57 14.49 25.53 3.51 27.72 30.57 19.01 26.25 6.17 29.48 17.86 21.95 12.81 9.94 7.34 17.51 25.57 28.61 24.82 9.6 7.37 13.14 10.23 9.51 10.4 9.19 11.42 24.32 1.98 28.43 11.47 6.31 21.81 19.49 15.54 9.27 21.39 21.28 8.7 25.7 13.68 31.94 15.21 20.52 21.71 18.22 2.03 13.47 5.23 16.17 28.69 20.51 19.28 5.28 0.99 7.67 17.21 14.57 11.75 14.22 6.45 8.9 10.48 10.5 6.47 7.1 19.27 13.16 9.16 11.55 12.15 28.57 29.03 13.32 29.93 6.18 8.33 18.24 25.45 29.89 18.33 27.94 6.6 9.83 16.55 24.96 19 19.2 26.2 18.75 34.35 17.98 12.63 10.31 28.23 24.28 
27.38 0 20.29 22.65 14.14 18.12 7.58 13.67 11.53 12.63 25.36 13.97 23.69 20.91 17.87 12.48 20.1 19.38 21.66 4.57 8.98 6.07 19.45 7.33 11.38 10.85 5.34 7.29 20.98 11.77 6.44 29.3 18.93 9.65 26.1 18.55 18.24 11.52 6.99 2.98 23.58 20.23 23.6 13.8 12.33 24.97 6.85 4.35 23.28 20.2 6.29 19.24 23.25 22.93 12.41 19.85 15.48 0.66 7.4 30.77 22 3.03 5.88 5.36 21.72 8.63 9.51 5.37 16.07 24.31 6.19 17.29 10.59 8.63 24.03 10.32 16.67 14.65 14.48 21.21 17.8 3.71 3.19 8.5 17.45 5.74 21.77 24.2 10.98 3.86 21.19 20.17 6.47 19.28 3.93 14.84 4.56 27.19 9.37 23.77 18.41 12.22 23.25 4.94 29.68 18.67 9.39 21.96 7.45 24.05 25.06 8.28 3.29 23.59 24.62 15.45 7.6 14.99 13.05 12.63 18.22 23.72 27.65 7.05 20.33 13.44 14.86 5.89 17.14 17.16 20.59 16.32 4.8 31.05 23.54 18.19 14.95 15.14 7.68 4.14 23.31 5.04 17.78 12.49 4.37 18.41 12.9 23.52 21.99 19.28 11.06 18.64 8.24 20.52 19.86 17.03 6.84 24.28 4.5 4.4 14.97 3.22 29.07 13.73 14.97 18.46 26.68 19.55 22.18 16.95 22.2 4.94 10.65 22.42 20.31 22.32 21.55 22.23 23.17 24.59 20.93 4.43 26.8 5.55 16.01 25.75 17.18 16.13 13.65 24.12 7.72 15.96 29.35 2.58 24.09 5.29 23.67 21.32 12.28 12.19 27.52 19.76 22.85 14.95 22.49 14.96 9.77 28.45 26.89 19.88 22.61 12.88 26.94 20.85 22.38 28.81 21.59 27.03 26.46 20.54 21.8 14.31 23.32 16.58 21.73 9.74 11.75 14.35 6.85 23.88 19.08 17.78 17.2 4.44 10.49 9.54 21.11 26.66 19.58 2.58 18.11 17.1 8.51 9.96 7.51 12.57 16.23 21.01 19.02 10.25 
24.28 20.29 0 28.85 7.08 23.9 13.3 6.61 13.93 7.89 16.93 20.84 10.28 4.87 15.44 19.15 31.98 1.81 6.27 23 24.64 25.9 11.63 25.44 10.59 14.41 16.09 20.61 18.41 22.09 15.78 18.56 3.87 27.55 16.28 30.64 7.01 24.06 21.78 21.26 30.86 26.7 11.56 27.53 19.56 11.94 19.55 18.02 32.7 7.97 26.25 23.2 13.37 22.62 10.07 21.33 19.26 19.96 12.94 20.16 8.86 19.8 16.08 25.56 1.66 11.89 19.96 25.21 11.96 11.8 14.81 5.05 9.91 13.5 12.3 10.65 26.92 18.7 15.17 27.2 3.15 22.54 17.6 16.72 7.24 25.81 9.42 26.7 25.12 23.46 16.99 3.1 15.04 11.93 18.12 12.56 18.07 17.74 13.86 31.6 30.56 8.27 12.39 20.89 22.57 26.24 26.95 22.47 26.74 28.26 35.68 27.04 19.21 17.42 15.78 8.37 13.13 20.82 27.79 17.25 14.69 10.49 17.54 13.24 17.22 17.67 13.04 26.09 7.04 5.19 28.46 7.35 19.12 22.4 15.75 5.81 6.05 26.96 27.66 21.55 32.87 23.37 4.7 8 24.64 31.87 25.63 24.43 3.08 1.91 24.32 17.72 14.38 4.61 16.63 10.71 13.55 23.43 24.25 19.57 7.48 17.1 21.26 9.9 26.45 2.75 14.22 24.05 24.74 28.01 2.05 16.83 27.69 14.72 18.41 11.43 26.63 14.8 28.25 28.58 12.86 16.08 22.51 16.14 17.19 18.63 3.72 28.73 22.57 15.47 22.05 5.02 19.65 21.16 31.23 20.77 10.2 33.44 8.36 23.85 22.92 10.86 19.4 24.92 4.46 6.37 12.97 21.33 24.57 21.01 7.87 18.56 15.23 29.01 18 18.97 26.87 16.25 18.91 18.69 33.05 18.91 15.3 21.39 12.21 12.54 11.17 19.75 16.32 25.65 18.88 29.25 3.64 24.73 21.72 12.24 18.85 16.48 29.58 19.93 30.03 29.33 26.75 21.55 26.81 24.04 13.87 14 4.76 27.02 
11.85 22.65 28.85 0 27.97 5.25 20.77 25.34 16.2 26.16 17.59 9.44 22.73 32.83 13.64 11.39 8.01 27.06 24.62 19.22 14.92 26.32 18.12 18.05 28 16.15 19.74 15.37 11.88 10.9 26.71 20.96 30.73 17.43 19.18 8.16 22.05 11.49 15.78 25.6 2.16 2.51 21.34 11.12 11.26 22.45 15.96 19.07 5.15 22.03 26.13 5.66 19.16 8.49 19.96 7.89 9.84 23.19 23.79 21.35 22.5 19.65 19.06 24.82 30.41 24.84 13.38 21.35 16.89 21.86 25.23 23.81 22.61 27.34 21.05 21.34 6.68 10.6 13.86 1.7 25.85 26 24.14 15.93 31.9 22.14 21.78 4.78 12.73 25.46 13.6 26.28 26 17.74 25.63 16.37 18.8 18.96 17.82 3.06 8.25 25.91 20.16 17.74 17.02 3.99 16.92 7.82 28.08 2.66 8.25 19.02 25.57 15.17 18.02 30.83 25.11 8.83 12.49 12.68 14.52 22.54 19.79 22.87 12.79 11.94 15.88 22.86 31.47 23.69 2.56 30.92 27.03 19.27 16.93 31.52 23.66 8.73 26.8 26.78 5.39 27.25 30.29 23.47 23.01 10.3 10.65 6.85 31.9 29.47 12.15 11.46 18.33 25.22 13.17 18.23 23.95 8.91 21.11 26.8 21.7 22.97 17.61 30.23 8.56 26.13 22.14 4.8 5.15 7.2 30.66 25.78 15.98 17 11.46 20.28 2.31 16.76 1.47 3.06 17.77 21.4 13.09 25.91 11.68 16.17 25.42 9.14 9.06 17.81 15.06 24.38 19.81 20.29 2.42 27.91 22.79 8.75 22.92 10.65 13.59 19.04 12.23 7.83 33.19 23.16 18.5 16.66 10.87 8.28 23.99 11.54 21.38 2.75 13.41 19.79 2.03 20.39 16.73 11.27 7.45 10.56 17.2 7.73 19.01 27.83 29.05 9.9 27.6 5.71 10.35 7.4 28.5 23.5 12.17 27.24 11.47 19.66 5.24 20.09 7.95 8.5 18.08 12.69 28.1 10.27 14.99 16.65 31.46 15.67 
26.41 14.14 7.08 27.97 0 22.73 8.48 2.84 11.78 1.91 20.45 18.85 15.15 6.79 16.13 16.92 29.31 7.07 11.48 17.6 20.22 19.32 13.98 20.29 3.5 11.9 11.04 16.38 19.71 19.09 8.87 23.13 4.81 22.57 20.3 27.82 9.76 20.58 17.3 14.61 29.72 25.56 15.98 23.97 17.2 16.85 15.28 12.92 30.92 11.75 19.71 22.61 17.06 23.56 8.1 21.44 18.16 13.7 6.84 24.78 13.36 14.38 11.31 19.17 8.14 5.53 16.53 19.39 12.43 16.46 8.16 7.32 5.53 6.5 16.67 6.78 24.48 17.38 14.36 26.27 6.11 15.88 11.16 13.16 4.04 19.86 13.63 26.96 21.23 16.9 18.75 8.55 8.24 14.12 11.41 12.27 13.06 21.75 10.52 30.31 27.72 2.27 16.38 15.93 26.06 24.67 22.06 23.08 20 28.04 33.62 21.73 12.52 20.07 19.34 2.96 6.58 19.22 23.91 15.34 15.71 15.31 21.79 7.46 18.55 16.04 12.71 20.03 3.62 7.32 26.97 2.97 12.24 26.44 18.85 4.22 5.44 24 21.1 14.76 31.05 16.58 3.64 4.53 18.5 28.65 22.25 25.08 8 5.55 20.63 18.23 10.48 9.73 17.91 11.94 7.33 24.65 18.45 12.72 7.41 10.94 24.91 3.36 23.56 6.65 19.12 23.36 24.82 25.38 8.63 10.08 23.02 17.65 19.44 15.28 25.97 17.61 27.71 28.45 15.62 10.44 24.94 9.36 16.71 21.8 5.8 25.63 20.12 18.91 17.75 5.55 23.9 15.54 30.16 13.83 15.09 30.75 5.07 20.64 25.5 13.57 21.19 22.39 8.37 5.96 9.7 24.73 26.43 21.21 13.04 16.57 19.92 27.45 19.98 23.23 26.16 20.65 22.27 19.74 30.65 17.41 18.45 20.25 15.54 5.48 4.13 18.12 9.32 26.1 19.29 26.57 3.47 18.51 18.36 5.24 20.09 20.66 27.42 14.39 27.24 26.39 21.62 18.04 20.06 20.91 14.1 16.49 4.89 22.41 
11.51 18.12 23.9 5.25 22.73 0 15.58 20.12 10.95 20.91 14.78 4.33 18.74 27.72 9.17 6.22 9.45 22.12 20.11 15.22 11.49 22.43 13.76 14.66 22.77 10.9 14.72 10.89 8.53 6.53 21.68 18.67 25.6 14.65 16.29 8.68 17.26 7.94 11.58 21.11 7.04 2.85 17.5 9.13 6.15 18.76 11.29 14.25 8.89 17.51 22.31 1.94 15.52 6.9 14.75 4.48 4.67 18.6 18.62 19.43 18.23 15.09 14.02 20.98 25.49 19.63 8.63 17.69 12.02 18.1 20.15 18.84 17.35 22.19 17.34 16.08 5.13 5.37 8.76 3.56 20.84 21.64 19.29 10.82 26.67 18.54 17.53 6.21 9.57 21.26 10.1 21.46 20.94 13.36 20.81 11.34 13.99 16.45 12.59 7.72 8.68 20.66 16.39 13.36 15.9 2.58 14.02 5.82 24.19 5.97 12 15.95 20.85 12.24 14.91 25.58 19.95 3.6 10.41 7.43 10.1 18.58 17.25 17.71 9.09 6.69 10.86 19.26 26.24 18.71 4.6 25.68 22.26 18.01 13.69 26.32 18.53 6.82 23.16 22.27 9.08 22.94 25.11 18.24 19.14 10.71 7.82 6.37 26.91 24.41 8.7 7.27 13.13 20.51 9.28 13.45 18.8 8 17.27 22.08 16.62 18.07 16.08 24.98 6.36 21.16 18.9 1.64 4.51 6.32 25.76 20.84 13.41 13.43 7.89 16.29 3.52 13.17 5.25 6.49 13.74 16.41 12 20.92 6.75 13.79 20.38 8.18 4.61 14.6 10.91 19.28 17.8 15.93 7.46 23.27 18.79 10.73 17.69 7 12.67 14.67 9.58 4.67 28.17 18.03 13.25 15.17 10.68 4.84 19.67 6.31 18.33 5.17 10.36 17.61 3.62 17.54 14.47 7.82 9.89 5.31 13.85 2.53 15.03 22.64 23.82 4.66 22.6 6.19 6.36 7.31 23.35 19.61 7.8 22.04 8.23 16.84 6.41 15.54 8.17 8.08 15.02 8.31 24.22 6.69 10.16 12.75 26.3 12.92 
22.21 7.58 13.3 20.77 8.48 15.58 0 6.92 5.48 6.6 18.66 11.34 16.2 15 11.84 9.38 21.05 12.15 14.09 9.71 11.78 13.62 12.33 12.18 7.38 5.1 2.79 7.89 15.38 10.9 6.74 22.38 12.82 14.36 19.18 19.53 10.67 12.17 8.85 9.54 22.29 18.27 16.23 15.51 9.54 17.56 6.79 4.72 23.06 12.66 13.86 15.97 16.15 18.33 4.9 15.58 11.5 7.46 3.06 23.92 14.47 6.52 2.87 12.92 14.86 4.08 8.24 12.01 9.17 16.93 5.05 9.78 3.4 6.66 16.72 2.79 16.41 10.62 8.79 19.11 10.52 10.73 5.95 4.99 12.46 12.67 14.29 20.8 12.75 11.29 15.13 12.75 5.83 12.22 7.25 8.14 4.79 20.41 3.19 22.76 19.42 6.22 16.01 7.66 23.54 17.11 13.8 17.56 14.87 21.37 25.56 13.75 7.97 17.26 17.79 10.85 4.42 11.98 15.42 8.33 11.91 16.25 20.76 2.19 14.47 9.18 8.32 13.04 12.05 9.65 19.37 11.31 8.78 24.62 16.84 12.67 7.55 15.7 15.26 10.31 23.16 11.9 11.86 5.3 11.69 20.23 13.84 19.43 15.47 12.64 12.18 13.26 2.45 12.99 13.9 9.84 3.36 19.61 11.05 8.93 7.4 4.87 22.73 9.79 15.3 11.17 19.4 16.57 18.63 17.2 15.31 6.54 14.66 15.64 14.84 15.01 19.05 15.49 20.81 21.85 13.93 3.15 21.23 6.26 10.94 19.37 9.89 17.27 12.19 17.3 9.27 8.6 22.62 7.93 22.76 10.36 16.18 22.47 4.96 12.31 21.92 12.51 17.19 14.33 16.25 7.49 2.94 22.24 21.94 15.47 15.04 9.29 19.77 19.8 16.4 22.03 19.18 20 20.03 15.12 22.48 10.48 16.56 13.32 14.56 7.06 8.35 10.97 7.72 20.17 14.03 18.34 10.74 11.88 10.03 6.47 15.63 19.71 19.42 6.69 18.97 18.08 13.5 9.67 14.93 12.62 9.87 14.23 13.17 14.02 
23.58 13.67 6.61 25.34 2.84 20.12 6.92 0 9.23 1.82 17.77 16.38 12.87 8.2 13.3 14.49 27.1 5.88 9.5 16.55 18.62 19.32 11.23 19.09 5.15 9.45 9.69 14.65 16.87 16.9 9.5 20.61 5.99 21.28 17.7 25.65 7.23 18.58 15.71 14.72 27.15 22.96 13.54 22.02 14.8 14.53 13.55 11.63 28.48 9.32 19.66 19.91 14.45 20.73 5.39 18.66 15.5 13.35 6.34 22.26 11.04 13.32 9.79 18.95 8.07 5.37 14.46 18.65 9.59 14.08 8.33 4.99 3.55 7.48 14.21 4.6 22.18 14.75 11.62 23.64 4.46 16 11.02 11.09 6.56 19.23 11.21 24.19 19.4 16.88 15.92 7.01 8.67 11.35 11.64 9.46 11.71 19.13 8.29 27.77 25.55 2.03 13.84 14.58 23.33 22.15 20.72 20.27 20.22 25.32 31.26 20.64 12.7 17.28 16.67 5.79 6.66 16.67 22.09 12.81 12.87 13 19.22 6.63 15.72 13.46 9.9 19.49 6.14 4.95 24.45 5.63 12.75 23.8 16.13 6.26 2.75 21.85 21.07 15.08 28.62 16.88 5.18 1.94 18.03 26.61 20.22 22.27 8.55 5.74 18.71 15.4 8.48 7.87 15.07 9.12 6.96 21.81 17.69 13.16 4.6 10.49 22.22 6 21.38 5.11 16.75 20.68 22.06 23.13 8.54 10.39 21.56 14.91 16.6 12.73 23.3 14.86 25.03 25.72 12.89 9.51 22.12 9.73 13.95 19.06 3.93 23.53 17.78 16.23 16.07 3.18 21.32 14.63 27.58 14.44 12.81 28.55 2.48 18.54 22.69 10.87 18.35 20.1 9.34 3.22 7.42 22 23.59 18.42 10.93 14.08 17.48 24.95 17.16 20.64 23.5 18.13 19.55 16.9 28.37 14.82 15.73 17.62 12.89 6.76 6.14 15.56 10.18 23.31 16.48 24.34 3.83 18.12 16.29 6.29 17.25 18.09 25.06 13.42 25.06 24.25 20.41 16.02 20.29 18.79 11.27 13.71 6.47 20.91 
16.74 11.53 13.93 16.2 11.78 10.95 5.48 9.23 0 9.96 13.82 7.16 12.99 17.13 6.5 5.31 18.11 12.31 12.18 11.64 11.51 17.45 8.16 13.25 12.01 0.74 6.3 7.66 9.95 8.16 12.22 17.79 14.95 14.9 14.59 16.73 8.61 10.24 9.01 14.12 17.94 13.78 12.56 13.69 5.68 14 6.84 7.33 19.26 10 17.57 10.96 11.87 12.88 3.99 10.23 6.45 11.68 8.44 19.24 11.56 9.21 5.68 16.41 15.59 9.15 6.26 14.43 4.72 13.3 10.52 9.12 6.44 12 12.88 5.18 13.09 5.63 3.32 14.5 10.79 15.15 10.95 3.69 15.75 15.26 11.14 15.6 11.49 15.39 9.83 12.18 11.31 7.93 12.4 3.4 7.18 15.66 2.37 18.55 16.65 9.72 12.02 9.06 18.32 12.92 14.22 12.15 18.95 16.42 22.08 14.98 12.93 12.13 13.1 14.63 9.79 7.44 14.08 3.57 6.72 12.96 16.13 7.64 9.09 4.26 3.35 15.82 15.32 8.98 15.22 14.74 13.97 19.58 12 15.48 8.03 13.03 18.86 15.08 19.4 16.43 14.33 7.32 14.82 17.94 11.75 14.06 16.74 14.03 10.59 7.78 3.46 11.76 8.55 5.99 8.82 14.15 13.56 14.03 6.49 9.72 17.62 14.1 12.52 11.26 15.45 11.66 13.42 14.13 15.95 11.89 14.64 10.9 9.38 11.2 14.25 10.7 16 16.86 9.5 7.76 15.82 11.69 5.5 14.28 10.23 14.79 8.69 12.6 9.01 8.96 17.82 10.7 18.38 15.44 12.99 19.57 6.77 9.95 16.51 8.64 11.77 11.05 17.86 7.62 2.59 17.06 16.46 10.09 12.58 4.85 15.58 15.72 11.08 17.27 14.42 15.57 14.97 9.65 19.27 5.64 11.79 8.49 10.43 12.21 13.1 6.34 13.19 14.88 8.56 15.36 12.68 15.14 7.91 11.58 10.17 15.16 15.9 9.6 16.13 15.41 14.41 7.82 19.01 10.12 4.7 9.49 15.57 13.94 
25.04 12.63 7.89 26.16 1.91 20.91 6.6 1.82 9.96 0 19.47 16.98 14.69 8.49 14.64 15.04 27.4 7.44 11.29 15.88 18.36 18.06 12.89 18.53 3.33 10.05 9.21 14.49 18.26 17.18 7.92 22.4 6.38 20.79 19.45 25.91 9.03 18.67 15.44 13.39 27.88 23.73 15.35 22.06 15.31 16.35 13.39 11.12 29.04 11.13 18.42 20.85 16.2 22 6.42 19.78 16.37 12.24 5.24 24.05 12.86 12.64 9.44 17.79 9.19 4.04 14.62 17.78 11 15.89 6.92 6.81 3.63 5.77 16.01 4.89 22.58 15.57 12.66 24.46 6.14 14.67 9.78 11.24 5.95 18.3 13.02 25.29 19.33 15.62 17.41 8.7 7.15 12.99 10.23 10.7 11.24 20.88 8.62 28.46 25.8 0.41 15.62 14.11 25 22.81 20.26 21.48 18.86 26.29 31.72 20 11.33 18.89 18.39 4.67 5.25 17.38 22.01 13.5 14.28 14.82 20.98 5.74 17.13 14.22 11.12 18.51 5.53 6.77 25.11 4.86 11.24 25.52 17.81 6.08 4.53 22.08 19.82 13.66 29.16 15.47 5.32 2.89 17 26.74 20.33 23.47 9.36 6.68 18.73 16.66 8.56 9.64 16.49 10.68 5.79 23.13 16.83 11.68 6.24 9.41 23.91 4.43 21.64 6.77 18.56 21.58 23.13 23.47 9.68 8.94 21.19 16.58 17.94 14.51 24.19 16.52 25.94 26.72 14.57 8.73 23.65 8.25 15.01 20.71 5.67 23.71 18.22 17.95 15.87 5 23.07 13.86 28.33 12.9 14.63 28.84 3.4 18.72 24.24 12.58 19.81 20.49 9.92 4.97 7.81 23.66 25.01 19.57 12.74 14.72 19.28 25.59 18.66 22.4 24.37 19.91 21.23 18.25 28.74 15.59 17.42 18.44 14.63 4.97 4.33 16.28 8.53 24.46 17.7 24.65 4.58 17.05 16.44 4.54 18.62 19.86 25.52 12.69 25.33 24.48 19.86 16.13 18.92 19 12.57 15.35 6.62 20.57 
8.19 25.36 16.93 17.59 20.45 14.78 18.66 17.77 13.82 19.47 0 15.11 7.09 21.8 7.76 14.99 24.17 15.35 10.78 24.95 23.31 31.23 6.63 25.89 22.68 14.51 20.09 20.37 6.28 18.16 25.1 4.18 20.37 26.93 1.59 23.46 10.77 20.5 21.67 27.9 19.72 16.57 5.57 23.06 15.43 5.92 19.91 21.11 22.65 9.09 31.33 13 3.57 9.14 14.2 10.33 12.39 25.49 21.04 5.45 8.11 22.93 19.5 30.13 17.95 21.14 18.09 27.8 9.49 5.64 23.43 13.3 17.56 24.07 4.9 16.82 19.8 12.72 11.09 16.45 15.13 28.96 24.55 17.13 23.1 28.67 7.51 13.47 22.23 29.21 4.94 13.84 24.14 6.61 25.9 10.59 20.95 1.9 16.05 20.64 23.46 19.52 4.57 22.38 5.69 17.25 26.22 9.78 32.77 15.71 25.8 27.57 26.57 2.54 1.16 23.19 22.21 14.2 24.09 13.67 7.21 6.86 2.56 20.5 6.03 13.15 10.51 29.29 22.75 13.27 18.67 22.62 27.44 6.08 1.83 22.01 15.03 21.13 32.58 28.81 22.88 30.23 20.64 16.82 28.46 25.46 21.27 10.97 19.76 18.46 21.19 8.16 17.19 12.33 6.17 9.06 21.6 9.1 27.02 27.58 13.25 23.37 4.47 23.75 20.59 14.94 4.75 13.76 12.44 21.03 17.95 25.16 26.14 3.03 6.98 5.51 15.41 3.17 16.36 15.76 4.93 21.44 6.22 24.8 10.45 1.89 15.12 22.74 17.08 1.54 21.36 14.94 4 24.37 19.86 29.01 7.18 25.38 16.49 19.71 6.39 6.89 5.38 18.68 21.19 14.54 15.85 4.4 8.81 9.96 9.34 14.23 3.83 19.23 4.42 3.46 15.7 2.81 1.99 7 24.37 13.18 2.12 13.34 4.94 23.8 23.76 13.82 26.04 12.3 8.64 22.08 18.75 28.82 18.84 23.19 6.55 2.08 21.06 23.34 22.94 22.79 26.8 19.1 32.82 19.61 9.14 4.44 21.29 25.5 
14.15 13.97 20.84 9.44 18.85 4.33 11.34 16.38 7.16 16.98 15.11 0 17.4 24.28 7.89 1.97 11.19 19.13 17.94 11.51 8.55 18.66 12.13 11.51 18.62 6.95 10.38 6.9 9.08 3.17 17.35 19.25 22.1 12.09 16.42 9.93 14.69 5.42 7.82 16.95 10.97 6.94 16.42 8.09 1.82 17.81 7.13 9.96 12.1 15.41 18.58 5.27 14.82 9.44 11.13 6.34 2.71 14.41 14.35 20.32 16.5 10.94 9.68 17.26 22.48 15.41 4.47 14.18 9.54 17.1 15.83 15.85 13.37 17.9 16.44 12.1 6.11 2.59 5.95 7.8 17.7 17.57 14.98 6.5 22.86 15.06 15.88 10.23 7.17 17.28 10.17 18.72 16.61 11.76 16.5 8.52 9.7 16.96 8.46 11.5 9.87 16.71 15.46 9.38 17.66 5.83 11.39 8.37 20.39 10.29 14.93 13.03 16.58 12.68 14.9 21.63 15.67 1.12 9.02 3.63 8.77 17.29 17.67 13.43 9.07 3.19 8.08 15.76 22.43 15.71 8.13 21.82 17.97 19.52 13.62 22.64 15.12 6.59 19.56 18.1 12.24 18.88 21.5 14.46 15.42 11.47 6.21 9.68 23.75 21.11 6.13 6.95 8.89 18 8.96 11.09 14.51 10.76 13.63 17.81 13.38 13.75 17.5 20.9 6.03 18.11 18.48 5.61 8.22 7.26 22.8 16.51 11.14 12.99 8.32 15.08 7.85 12.73 9.58 10.81 12.65 12.07 14.08 16.58 4.93 14.63 17.18 8.37 2.07 14.49 7.25 15.98 18.7 11.92 11.44 19.03 17.43 12.63 13.91 4.61 14.81 12.97 10.7 4.23 24.93 14.67 9.2 16.67 13.49 6.49 17.83 2.32 18.16 8.6 10.92 18.36 7.95 17.64 15.36 8.4 12.21 2.19 13.65 2.68 13.92 18.39 19.64 1.36 18.27 9.93 6.66 8.5 19.83 15.88 4.18 17.8 8.97 17.01 8.77 11.4 9.33 8.77 12.16 4.6 20.43 4.51 7.97 11.94 22.74 10.52 
15.13 23.69 10.28 22.73 15.15 18.74 16.2 12.87 12.99 14.69 7.09 17.4 0 15.13 9.67 16.48 28.04 8.93 4.02 24.58 24.27 29.76 5.28 26.23 18.02 13.73 18.41 20.6 10.9 19.89 21.68 8.29 13.99 27.78 6.14 27.02 5.8 22.26 21.96 25.73 24.88 21.14 1.56 25.4 16.95 1.72 19.83 19.94 27.44 3.65 29.97 17.36 3.86 14.89 11.31 14.85 14.92 23.64 17.76 9.91 1.84 21.9 18 28.93 11.08 17.42 18.84 27.32 8.42 1.54 20.17 7.89 13.96 20.09 2.19 13.69 23.15 14.81 11.74 21.3 9.18 26.93 22.05 16.68 17.05 28.12 1.92 19.33 23.81 27.48 9.18 7.29 20.74 5.64 23.15 9.74 19.85 7.56 14.57 25.76 26.99 14.86 2.74 22.02 12.51 21.32 27.08 15.17 31.07 21.35 30.61 27.96 24.03 8.4 6.01 17.55 18.66 16.84 26.14 14.63 8.74 0.24 7.28 17.49 9.94 14.53 10 28.63 16.75 7.93 23.19 16.79 24.56 12.15 6.46 15.79 10.22 23.97 31.33 26.43 27.65 28.08 14.48 12.59 27.49 28.77 23.45 16.82 12.89 11.99 22.8 11.48 15.63 5.79 9.58 7.01 18.4 15.29 26.42 24.83 9.12 21.06 11.14 18.5 23.42 8.8 4.02 18.22 17.81 24.39 11.02 22.14 27.36 5.91 11.27 2.46 20.43 6.1 21.73 21.52 5.01 19.33 13.2 21.62 12.53 8.95 9.38 25.74 19.46 5.87 21.88 9.71 9.38 23.42 25.13 26.24 0.08 29.4 12.46 21.68 13.45 4.51 11.09 21.55 14.3 9.88 14 11.34 15.64 14.47 2.4 15.69 4.97 23.77 9.68 8.71 20.71 5.98 9.06 11.46 28.62 15.21 6.06 16.62 3.73 19.53 18.99 16.05 22.52 18.17 12.49 25.58 12.74 27.76 20.14 19 11.33 6.26 25.12 22.23 26.44 26.04 27.36 20.22 31.12 21.7 9.51 6.08 14.91 26.67 
29.03 20.91 4.87 32.83 6.79 27.72 15 8.2 17.13 8.49 21.8 24.28 15.13 0 19.77 22.45 35.19 6.48 11.13 24.36 26.77 25.92 16.29 27.02 9.79 17.46 17.68 22.82 22.95 25.04 15.33 23.39 2.21 29.27 21.15 33.77 11.58 26.77 23.84 21.21 34.75 30.56 16.44 30.22 22.8 16.77 21.72 19.6 36.34 12.78 26.33 27.23 18.23 27.11 13.15 25.58 23.05 20.46 13.63 24.97 13.73 21.13 17.87 25.86 4.24 12.31 22.65 26.17 16.12 16.66 14.85 9.28 11.72 12.87 17.17 12.8 30.21 22.38 18.98 31.15 7.18 22.45 17.88 19.28 4.15 26.64 14.29 31.04 27.6 23.53 21.62 7.96 14.83 16.56 18 16.48 19.71 22.61 16.46 35.44 33.67 8.9 17.26 22.59 27.44 29.92 28.74 26.88 26.46 32.46 39.21 28.48 19.12 22.2 20.64 6.11 13.32 24.43 30.29 20.65 19.1 15.35 22.4 14.21 21.75 21.21 16.96 26.8 4.26 9.38 32.2 5 18.64 27.26 20.57 2.88 9.2 29.99 27.7 21.23 36.49 23.03 3.17 10.09 25.26 34.79 28.41 28.86 2.67 3.48 26.91 22.04 16.68 9.48 21.14 15.05 14.11 28 25.24 19.16 11.13 17.72 26.13 8.03 29.51 7.11 19.03 28.06 29.01 31.21 4.5 16.66 29.65 19.52 22.88 16.29 30.67 19.58 32.35 32.81 17.62 17.2 27.3 15.94 21.17 23.48 7.49 31.69 25.81 20.33 24.23 8.46 24.51 22.31 35.15 20.14 15.05 36.65 10.61 26.71 27.73 15.57 24.06 28.15 1.96 9.69 15.57 26.19 29.27 25.28 12.72 21.96 20.07 32.72 22.68 23.83 30.89 21.1 23.77 23.17 36.4 22.53 20.13 25.19 17.03 11.73 9.88 23.33 15.6 30.04 23.19 32.44 4.46 25.26 24.47 11.68 23.38 21.35 33.03 21.16 33.17 32.39 28.35 24.22 26.52 26.95 18.01 18.73 1.9 29.02 
10.54 17.87 15.44 13.64 16.13 9.17 11.84 13.3 6.5 14.64 7.76 7.89 9.67 19.77 0 7.38 18.37 13.63 11 17.2 15.66 23.62 4.59 18.16 17.39 7.09 12.76 12.61 3.67 10.71 18.56 11.91 17.82 19.29 8.84 17.35 8.49 13.1 13.92 20.56 15.74 11.75 8.58 15.99 7.84 9.94 12.16 13.56 18.01 8.4 23.69 8.02 6.93 7.46 8.34 5.91 5.29 18.07 14.62 13.2 9.06 15.3 12.1 22.47 16.93 15.07 10.36 20.05 3.74 9.24 16.86 10.51 11.75 18.03 8.55 10.7 13.48 5.33 3.4 12.07 12.61 21.54 17.45 9.47 19.65 20.93 8.37 11.28 14.77 21.69 3.34 12.71 17.62 4.19 18.9 3.99 13.37 9.65 8.86 16.55 17.31 14.54 7.58 14.64 11.84 11.73 18.57 7.12 25.2 12.83 21.16 19.85 19.43 5.74 7.29 19.09 15.93 7.22 16.86 5.92 0.93 9.54 10.25 13.91 2.65 5.47 3.65 21.55 19.24 10.4 13.72 18.86 20.46 13.19 6.05 18.96 11 14.39 24.91 21.54 18.21 22.84 17.62 11.75 20.76 19.12 14.09 9.11 18.52 16.31 13.73 2.28 9.96 11.59 2.07 4.74 15.08 8.52 19.28 20.52 8.91 16.22 11.2 19.07 13.83 12.78 10.61 8.9 9.3 14.72 17.14 18.34 18.59 5.21 3.31 7.27 11.36 4.96 12.9 13.14 4.78 14.26 9.41 18.1 2.96 7.89 12.28 16.13 9.96 6.83 13.63 11.45 11.68 16.7 16.06 21.94 9.72 19.74 11.26 12.4 10.09 5.5 5.38 11.93 19.87 10.45 8.9 10.59 10.42 5.58 10.51 6.59 10.37 14.3 4.58 11.2 11.62 9.99 8.61 3.61 19 5.76 5.97 6.95 6.07 18.03 18.52 6.54 19.53 10.27 3.44 15.9 15.71 21.13 11.24 17.39 4 9.44 15.48 15.72 16.77 16.39 19.1 11.45 25.25 12.36 2.09 4.05 18.64 17.93 
15.1 12.48 19.15 11.39 16.92 6.22 9.38 14.49 5.31 15.04 14.99 1.97 16.48 22.45 7.38 0 12.83 17.48 16.63 10.53 8.32 17.52 11.21 10.99 16.65 5.04 8.55 5.8 9.34 3.42 15.49 19.17 20.26 11.94 16.19 11.49 13.26 5.8 6.94 15.44 12.94 8.89 15.63 8.97 0.48 17.06 5.76 8.32 14.01 14.18 17.49 6.9 14.24 10.51 9.3 7.4 3.09 12.88 12.4 20.35 15.41 9.51 7.84 16.19 20.8 13.45 3.31 13.32 8.28 16.34 13.94 14.22 11.42 15.97 15.73 10.16 7.79 2.4 4.74 9.73 16.01 16.15 13.24 4.61 20.93 14.21 14.84 11.88 7.42 15.97 10.14 17.18 14.73 10.86 14.77 7.13 8.07 16.88 6.5 13.46 11.41 14.76 14.77 8.19 18.13 7.8 11.23 9.5 19.22 12.12 16.78 12.63 14.93 12.7 14.64 19.68 13.73 2.67 9.67 1.97 8.16 16.38 17.54 11.49 9.08 1.96 6.73 14.89 20.51 14.08 10.09 19.88 16.28 19.86 13.38 20.75 13.33 7.9 18.55 16.57 14.14 17.48 19.62 12.55 14.37 12.84 7.01 11.04 22.02 19.33 6.38 7.02 6.93 16.55 8.83 9.84 12.58 11.85 12.67 16.15 11.68 12 17.82 18.93 7.36 16.44 17.95 7.36 9.78 8.85 21.15 14.71 11.21 12.6 8.59 14.26 9.73 12.35 11.47 12.63 11.95 10.25 14.79 14.75 4.54 14.76 15.47 9.69 3.41 14.19 6.5 14.23 18.77 10.63 13.41 17.41 16.5 14.29 12.01 5.21 15.52 11.97 11.11 5.77 23.16 12.9 7.25 17.05 14.53 7.46 16.67 0.8 17.75 10.55 11.07 18.36 9.84 17.36 15.5 8.74 13.96 1.97 13.34 4.18 13.17 16.44 17.68 1.87 16.42 11.46 7.06 10.09 17.99 14.8 3.86 15.85 9.33 16.79 10.59 9.97 10.88 10.22 11.83 4.1 19.26 5.27 6.96 11.41 20.87 10.54 
19.62 20.1 31.98 8.01 29.31 9.45 21.05 27.1 18.11 27.4 24.17 11.19 28.04 35.19 18.37 12.83 0 30.29 29.02 15.78 11.15 22.05 22.91 13.64 28.37 17.74 19.09 13.65 17.96 10.22 25.56 27.95 32.99 12.15 25.71 1.56 25.86 9.02 13.34 22.73 6.88 7.8 26.87 6.31 12.44 28.16 14.63 17.73 4.32 26.45 21.74 11.17 24.94 15.63 22.09 13.84 13.25 20.73 23.69 28.58 27.37 17.48 18.56 20.55 33.63 24.98 12.82 17.04 20.66 27.49 24.41 27.02 23.79 26.87 26.74 22.58 5.08 13.57 17.09 8.26 28.84 22.74 22.46 16.16 33.35 17.65 26.71 12.69 9.13 21.89 19.55 29.91 25.08 22.52 23.76 19.7 17.49 25.78 18.83 6.3 1.7 27.07 25.78 15.36 24.6 6.93 11.89 14.7 23.71 10.67 5 13.97 23.35 21.64 24.35 31.88 24.83 11.41 7.27 14.74 19.31 27.9 26.59 22.78 18.54 14.38 19.24 18.31 32.93 26.88 5.85 32.24 24.87 26.82 23.13 33.32 26.15 5.35 22.05 23.86 4.19 23.82 32.28 25.17 18.95 2.64 7.39 14.37 34.84 32.15 9.24 16.66 18.85 29.17 18.71 22.19 23.62 16.39 17.14 24.5 24.51 21.51 25.02 30.82 5.76 29.27 28.35 10.44 12.39 3.98 33.97 24.31 10.63 22.87 17.34 25.62 9.39 22.61 9.46 11.06 23.07 20.47 20.62 24.66 15.63 23.06 28.3 3.98 9.42 24.04 12.65 27.06 26.98 17.52 7.23 25.29 28.09 1.46 24.63 8.75 21.2 23.8 18.88 7.07 35.97 25.73 19.69 24.07 18.66 14.22 28.77 13.43 27.77 5.41 19.76 26.84 9.14 26.96 23.7 17.26 1.78 13.27 23.3 11.43 24.38 27.64 29.26 12.39 26.3 13.45 15.81 2.76 30.73 19.43 11.02 27.14 17.64 26.25 3.14 17.82 2.09 3.05 13.13 11.41 23.72 8.44 18.97 22.14 33.56 10.64 
22.57 19.38 1.81 27.06 7.07 22.12 12.15 5.88 12.31 7.44 15.35 19.13 8.93 6.48 13.63 17.48 30.29 0 4.93 21.84 23.24 25.15 9.86 24.18 10.46 12.82 14.92 19.2 16.62 20.48 15.33 17.21 5.07 26.24 14.79 28.96 5.21 22.5 20.41 20.58 29.07 24.92 10.11 25.97 17.89 10.63 18.16 16.83 30.94 6.3 25.47 21.4 11.78 20.83 8.54 19.53 17.49 19.1 12.16 18.84 7.37 18.67 14.85 24.71 3.37 11.25 18.42 24.15 10.16 10.41 14.21 3.29 8.84 13.19 10.84 9.41 25.22 16.95 13.41 25.41 1.64 21.86 16.86 15.25 8.16 24.78 7.88 24.89 23.62 22.72 15.22 1.66 14.53 10.16 17.52 10.79 16.86 16.26 12.41 29.81 28.89 7.77 10.85 19.63 21.02 24.48 25.62 20.67 26.09 26.45 33.94 25.82 18.57 15.72 14.2 8.92 12.53 19.08 26.27 15.55 12.89 9.13 16.11 12.35 15.42 15.95 11.27 25.11 7.89 3.43 26.69 8.03 18.62 20.95 14.1 6.86 4.66 25.32 26.89 20.96 31.11 22.76 5.57 6.91 23.69 30.24 24.05 22.62 4.88 3.11 22.79 15.91 13.01 3.14 14.83 8.9 12.8 21.65 23.18 19.03 5.83 16.24 19.73 10.21 24.8 1.05 12.94 22.26 22.93 26.33 3.68 16.27 26.31 13.04 16.61 9.85 24.83 13.1 26.44 26.77 11.15 15.07 20.82 15.6 15.4 17.01 2.27 27.09 20.89 13.87 20.64 3.6 18.24 20.08 29.43 20.3 8.85 31.74 7.19 22.26 21.25 9.11 17.64 23.24 6.26 4.88 11.53 19.75 22.83 19.2 6.57 16.87 13.89 27.24 16.24 17.55 25.07 14.85 17.32 16.89 31.33 17.17 13.65 19.61 10.55 12.33 11.2 18.02 15.96 23.85 17.08 27.57 3.99 23.81 20.16 11.95 17.06 15.02 27.85 18.83 28.36 27.68 25.48 20.01 26.15 22.43 12.07 12.27 5.99 25.63 
18.47 21.66 6.27 24.62 11.48 20.11 14.09 9.5 12.18 11.29 10.78 17.94 4.02 11.13 11 16.63 29.02 4.93 0 23.24 23.68 27.68 6.52 25.22 14.58 12.86 16.61 19.78 13.25 19.96 18.77 12.31 9.97 27.02 10.03 27.84 3.6 22.22 21.1 23.37 26.73 22.74 5.31 25.56 17.1 5.71 18.86 18.34 28.99 2.61 27.94 19.03 7.26 17.46 9.41 16.78 15.79 21.51 15.07 13.92 2.68 20.3 16.33 27.01 7.17 14.5 18.41 25.84 8.4 5.53 17.39 4.61 11.31 16.94 6.04 11.35 23.98 15.46 12 23.07 5.38 24.62 19.62 15.72 13.08 26.58 3.34 21.78 23.6 25.31 11.65 3.28 17.87 6.9 20.56 9.5 18.3 11.49 13.19 27.56 27.79 11.52 6.22 20.79 16.37 22.63 26.35 17.52 28.84 23.61 32.11 26.94 21.52 11.57 9.64 13.7 15.79 17.61 26.12 14.68 10.11 4.23 11.27 14.98 12.13 14.81 9.91 27.01 12.8 4.7 24.7 12.88 21.86 16.13 9.77 11.79 7.1 24.48 29.34 23.95 29.19 25.68 10.5 9.65 25.74 29.4 23.6 19.36 8.98 7.97 22.66 13.16 14.09 1.81 11.62 6.84 15.73 18.08 24.89 22.19 6.69 18.77 15.03 14.79 23.93 4.91 8.01 19.9 20.02 25.17 7.17 19.43 26.82 8.88 13.43 5.35 22.32 9 23.8 23.85 7.27 17.23 16.61 18.85 13.45 12.55 5.7 26.27 19.91 9.38 21.16 6.34 13.38 21.8 27.04 23.55 3.94 30.43 9.66 21.78 16.96 5.61 13.91 22.17 10.41 6.91 12.45 15.14 18.86 16.41 1.64 15.9 8.99 25.27 12.46 12.7 22.59 9.98 12.77 13.68 29.82 15.78 9.33 17.75 6.34 16.25 15.47 16.66 19.54 20.67 14.29 26.4 8.82 25.94 19.95 15.77 13.7 10.22 26.29 20.56 27.25 26.71 26.45 19.93 28.9 21.88 10.06 8.47 10.89 26.12 
25.59 4.57 23 19.22 17.6 15.22 9.71 16.55 11.64 15.88 24.95 11.51 24.58 24.36 17.2 10.53 15.78 21.84 23.24 0 4.65 7.21 19.78 2.83 15.28 10.9 6.92 4.74 19.78 8.7 10.85 29.07 22.26 5.19 25.93 14.26 19.66 7.74 3.69 6.96 19.87 16.93 24.2 9.47 10.23 25.64 5.04 5.01 19.22 21.38 7.1 16.65 23.42 20.92 13.85 17.8 13.62 5.23 10.78 30.4 23.06 3.24 7.01 5.77 24.56 12.15 7.22 2.85 16.35 24.94 10.27 19.27 13.1 12.83 24.52 12.42 12.84 12.92 13.87 17.93 20.2 7 7.53 7.99 21.24 3.73 22.7 21.43 6.81 6.29 20.35 22.33 10.71 19.53 8.49 15.02 5 26.84 10.09 19.95 14.11 15.47 23.64 2.6 28.6 15.26 4.86 19.87 8.97 20.93 20.77 4.13 7.84 22.88 24.39 19.32 11.38 12.62 8.59 11.37 17.76 24.57 27.41 10.14 19.36 12.03 14.89 4.37 20.88 19.13 16.95 20.08 9.32 30.23 23.2 21.78 17.2 11.1 8.05 8.09 19.22 8.16 21.19 15.01 3.93 13.95 8.87 21.17 25.09 22.28 7.14 17.41 9.15 22.39 19 17.61 10.38 22.25 2.14 8.89 16.69 7.05 28.2 17.74 11.02 20.83 27.06 16.79 19.59 12.93 25.01 9.39 6.09 22.22 19.04 22.85 18.44 21.99 19.92 21.47 21.04 7.16 25.32 9.93 14.79 25.01 19.57 11.87 10.61 23.91 4.31 18.26 28.88 2.18 20.39 9.55 24.58 16.94 14.67 8.57 26.05 20.28 21.59 11.38 25.77 17.07 10.8 27.47 24.97 17.92 23.92 11.15 27.12 17.13 21.4 28.41 18.43 26.99 25.74 19.21 17.52 12.5 23.06 14.18 22.04 13.87 15.82 12.27 11.36 21.31 17.58 13.62 20.31 4.39 7.45 13.57 19.81 26.52 15.59 3.21 13.86 12.84 4.11 6.96 9 8.94 15.96 20.86 22.48 5.68 
22.58 8.98 24.64 14.92 20.22 11.49 11.78 18.62 11.51 18.36 23.31 8.55 24.27 26.77 15.66 8.32 11.15 23.24 23.68 4.65 0 11.45 19.11 3.18 18.49 10.82 9.2 4.04 17.53 5.38 14.81 27.48 24.58 3.63 24.49 9.62 20.1 3.56 2.93 11.59 15.39 12.78 23.61 4.84 7.88 25.05 5.1 7.42 14.59 21.49 11.23 13.16 22.42 17.84 14.75 14.8 11.1 9.63 13.75 28.66 22.97 6.61 8.92 9.93 26.27 15.13 5.43 6.44 15.85 24.33 13.9 20.29 15.07 16.46 23.79 14.1 8.36 10.63 12.68 13.77 21.61 11.65 11.56 8.04 24.12 7.23 22.49 17.64 2.22 10.88 18.44 23.41 14.48 18.8 12.75 14.54 7.25 25.2 10.83 15.41 9.47 17.98 22.85 4.56 26.2 11.06 2.91 16.74 13.19 16.85 16.13 4.51 12.26 21 22.94 22.36 14.67 9.64 4.1 9.82 16.4 24.21 25.85 12.94 17.37 10.2 14.27 7.95 23.73 20.14 12.55 22.96 13.77 28.03 21.68 24.43 18.61 6.51 11.89 12.72 14.58 12.78 23.64 16.84 8.17 9.45 4.33 17.76 27.08 24.25 2.83 15.28 10.27 23.17 17.15 17.31 13.51 19.12 6.26 13.38 17.6 10.78 26 21 6.49 22.19 26.13 13.13 15.99 8.33 26.7 13.45 3.13 20.87 16.77 22.22 14.42 20.63 15.77 17.39 20.07 10.17 22.62 13.88 12.86 23.03 21 7.23 7.06 22.49 2.6 19.66 27.06 6.4 15.9 14.14 24.28 12.34 16.39 4.5 23.34 19.78 19.21 7.17 27.95 18.35 11.71 25.19 21.86 15 24.06 9.09 26 12.67 19.32 26.67 14.37 25.66 23.77 16.88 12.88 10.17 21.64 11.04 21.23 17.38 19.21 9.66 15.46 17.68 15.16 8.98 22.46 8.66 4.48 16.97 17.47 25.09 10.99 6.87 9.21 8.2 3.62 4.22 13.22 4.83 14.94 19.63 24.95 2.44 
32.61 6.07 25.9 26.32 19.32 22.43 13.62 19.32 17.45 18.06 31.23 18.66 29.76 25.92 23.62 17.52 22.05 25.15 27.68 7.21 11.45 0 25.47 8.48 16.13 16.74 11.39 11.78 26.52 15.91 10.61 35.24 24.11 9.99 32.04 20.63 24.29 14.84 10.88 4.71 26.84 24.09 29.66 15.95 17.26 31.04 11.78 10.13 25.86 26.27 0.5 23.84 29.26 28 18.48 24.88 20.61 6.17 12.99 36.67 28.07 8.32 11.88 1.52 27.25 14.02 14.26 5.05 22.07 30.38 11.17 23.25 16.49 13.08 30.09 16.33 19.81 19.85 20.22 25.09 23.6 3.47 8.3 14.15 22.12 4.4 27.85 28.64 13.67 2.44 26.89 26.04 11.1 25.29 7.93 20.81 10.29 33.09 15.38 26.83 20.48 17.66 29.29 9.33 35.31 22.4 10.17 26.97 1.76 28.12 27 8.15 6.81 29.36 30.54 20.05 12.81 19.76 14.81 18.06 24.04 29.79 33.58 12.84 25.97 18.81 20.8 3.77 21.86 23.13 23.99 21.05 7.42 36.8 29.43 23.08 20.85 17.93 1.78 4.82 25.83 3.24 22.9 18.33 3.31 19.85 15.77 28.34 27.31 24.72 14.18 24.15 14.26 26.48 25.55 23.08 12.36 29.34 5.22 6.86 21 8.95 34.79 18.17 17.93 24.27 32.73 23.99 26.78 19.72 27.73 9.26 11.46 28.35 25.81 28.37 25.63 28.15 27.09 28.66 26.92 10.47 32.22 9.98 21.5 31.51 23 18.38 17.82 30.05 11.52 21.84 35.22 6.96 27.35 6.29 29.74 23.02 18.18 15.71 32.95 25.81 28.37 18.5 27.65 20.9 15.82 34.13 32.04 24.97 28.66 18.06 32.96 24.12 28.03 34.7 25.62 33.01 32.24 26.01 23.83 19.46 29.23 21.33 27.75 14.22 16.18 19.32 10.48 28.51 24.45 20.25 22.61 2.83 14.66 14.24 26.6 32.61 22.37 7.9 20.33 19.34 8.93 14.16 1.79 16.08 22.1 26.94 24.05 11.41 
12.78 19.45 11.63 18.12 13.98 13.76 12.33 11.23 8.16 12.89 6.63 12.13 5.28 16.29 4.59 11.21 22.91 9.86 6.52 19.78 19.11 25.47 0 21.23 16.06 8.9 14.11 15.58 6.84 14.62 18.57 10.06 14.57 22.67 6.89 21.84 4.71 17 16.93 21.79 20.24 16.31 4.5 20.12 11.69 5.94 14.88 15.41 22.59 3.96 25.63 12.56 3.82 11.07 7.66 10.26 9.7 19.5 14.51 11.64 4.48 17.33 13.59 24.5 12.98 14.54 13.68 22.59 3.44 5.23 16.93 7.17 10.95 17.45 4.74 10.27 17.96 9.55 6.49 16.59 9.2 22.92 18.28 11.8 16.94 23.42 3.8 15.31 18.57 23.3 5.36 8.66 17.61 0.39 19.56 4.76 15.28 8.21 10.09 21.08 21.8 12.92 3.86 17.19 12.11 16.31 21.96 11.05 26.9 17.09 25.74 22.96 20.3 6.12 5.61 16.81 15.64 11.61 20.87 9.39 3.66 5.18 8.48 14.03 5.67 9.25 4.92 23.97 16.56 7.1 18.3 16.34 21.07 12.71 4.92 16 8.54 18.72 26.94 22.62 22.79 24.14 14.62 10.19 22.95 23.54 18.17 12.93 14.67 12.82 17.55 6.66 11.21 7.36 5.13 2.5 15.09 11.82 21.72 21.25 6.66 17.16 11.03 17.23 18.16 9.18 7.29 13.44 13.51 19.19 13.11 18.73 22.18 3.69 6.95 3.11 15.82 3.64 17.28 17.34 1.7 15.29 11.13 18.32 7.31 7.83 9.04 20.49 14.19 5.14 16.8 8.6 10.44 18.84 20.54 22.68 5.31 24.29 9.85 16.41 11.63 0.92 7.78 16.31 16.08 8.02 9.7 10.77 12.99 9.9 5.92 10.41 7.49 18.88 6.39 9.81 16.09 7.67 8.34 7.21 23.58 9.94 4.54 11.5 2.28 17.16 17.15 10.79 19.5 14.22 7.78 20.39 12.69 23.26 14.91 16.56 7.29 7.4 20.05 17.7 21.25 20.82 22.31 15.01 26.96 16.43 4.24 2.53 15.45 21.49 
25.63 7.33 25.44 18.05 20.29 14.66 12.18 19.09 13.25 18.53 25.89 11.51 26.23 27.02 18.16 10.99 13.64 24.18 25.22 2.83 3.18 8.48 21.23 0 18.08 12.52 9.4 5.65 20.32 8.4 13.68 30.06 24.89 2.35 26.99 12.19 21.62 6.74 4.3 9.44 18.42 15.94 25.71 7.47 10.6 27.15 6.41 7.46 17.38 23.21 8.21 16.29 24.71 20.9 15.95 17.83 13.94 7.99 13.51 31.3 24.8 5.93 9.36 6.96 27.02 14.9 7.8 3.42 17.85 26.44 13.1 21.46 15.58 15.66 25.96 14.8 11.43 13.38 14.98 16.93 22.55 9.23 10.35 9.57 23.99 4.13 24.39 20.82 5.32 8.28 21.11 24.56 13.55 20.94 11.27 16.51 7.39 27.79 12.06 18.38 12.04 18.12 25.04 4.56 29.08 14.22 2.07 19.81 10.19 20.02 18.63 1.73 10.55 23.67 25.44 22.1 14.18 12.62 6.37 12.24 18.82 26.19 28.41 12.83 20.07 12.75 16.31 4.84 23.63 21.32 15.63 22.83 12 30.85 24.21 24.49 19.53 9.49 8.77 10.49 17.36 10.22 23.85 17.46 5.31 11.59 7.4 20.89 27.64 24.82 6 18.02 11.25 24.51 19.78 19.22 13.14 22.19 3.52 11.53 18.82 9.87 28.81 20.55 9.54 23.16 28.4 16.28 19.15 11.27 27.47 12.21 3.37 23.32 19.57 24.33 17.6 23.08 18.92 20.56 22.34 9.86 25.58 12.76 15.49 25.75 21.92 9.91 10.17 24.97 4.53 20.59 29.73 5.01 18.93 12.05 26.23 14.69 17.08 7.67 26.31 21.81 22.06 10.34 28.38 19.35 12.85 28.03 24.94 18 25.77 11.72 28.36 15.73 22.06 29.3 17.54 28.12 26.49 19.71 15.42 12.93 24.12 14.08 23.42 16.7 18.64 12.51 14.17 20.84 18 11.77 22.89 5.79 7.34 16.38 20.29 27.59 13.9 5.97 11.87 10.87 1.33 6.96 10.21 8.01 17.19 22.01 25.15 3.09 
27.91 11.38 10.59 28 3.5 22.77 7.38 5.15 12.01 3.33 22.68 18.62 18.02 9.79 17.39 16.65 28.37 10.46 14.58 15.28 18.49 16.13 16.06 18.08 0 11.91 9.39 14.92 21.06 18.27 5.55 25.69 8.07 20.42 22.72 26.84 12.35 19.41 15.63 11.43 29.59 25.52 18.67 22.64 16.85 19.68 13.86 11.07 30.44 14.46 16.55 22.95 19.47 24.6 9.06 22.17 18.43 10.87 4.75 27.34 16.19 12.19 9.84 16.12 11.63 3.41 15.59 16.74 13.89 19.22 5.19 10.14 5.69 3.09 19.33 6.87 23.79 17.58 15.04 26.32 9.33 12.67 8.24 12.37 6.08 17.12 16.35 27.6 19.79 13.76 20.34 11.86 5.07 16.13 8.22 13.4 11.25 24.13 10.18 30.09 26.72 3.2 18.92 13.99 28.14 24.43 19.98 23.99 16.69 28.4 32.93 19.37 9.34 21.97 21.61 4.07 3.9 19.17 22.39 15.37 17.14 18.15 24.26 5.62 19.97 16.17 13.77 17.21 5.78 10.1 26.71 4.96 8.88 28.75 20.98 6.94 7.85 23.02 17.91 11.45 30.54 13.26 6.84 5.87 15.64 27.41 21.08 25.95 11.36 9.03 19.34 19.28 9.76 12.9 19.33 13.76 4.99 25.79 15.84 9.39 9.44 8.3 27.09 2.51 22.63 9.93 21.89 23.62 25.42 24.55 12.12 6.89 21.05 19.74 20.67 17.81 26.17 19.67 27.93 28.86 17.76 8.34 26.6 6.16 17.38 23.85 8.91 24.53 19.57 21.16 16.18 8.32 26.34 13.13 30.06 10.42 17.96 29.78 6.26 19.63 27.22 15.81 22.69 21.71 11.55 8.26 9.54 26.81 27.81 21.99 16.06 16.47 22.59 27.15 21.61 25.67 26.33 23.21 24.39 20.97 29.84 17.53 20.6 20.4 17.88 2 1.12 18.11 5.89 26.84 20.25 25.68 6.97 15.6 17.35 1.9 21.39 23.14 26.8 12.11 26.28 25.37 19.39 16.96 16.75 19.94 15.3 18.47 7.93 20.49 
17.21 10.85 14.41 16.15 11.9 10.9 5.1 9.45 0.74 10.05 14.51 6.95 13.73 17.46 7.09 5.04 17.74 12.82 12.86 10.9 10.82 16.74 8.9 12.52 11.91 0 5.67 6.95 10.46 7.69 11.8 18.49 15.26 14.19 15.3 16.33 9.28 9.69 8.29 13.48 17.84 13.7 13.31 13.15 5.36 14.74 6.11 6.62 19.04 10.71 16.86 11.04 12.6 13.23 4.37 10.49 6.52 11.01 8.13 19.93 12.29 8.49 5.02 15.69 16.07 8.94 5.65 13.69 5.46 14.04 10.12 9.68 6.46 11.72 13.63 5.19 12.76 5.67 3.8 14.46 11.27 14.49 10.39 2.95 15.91 14.52 11.88 15.78 10.88 14.7 10.43 12.76 10.91 8.66 11.86 4.14 6.46 16.36 1.92 18.41 16.24 9.78 12.76 8.31 18.93 12.76 13.51 12.46 18.26 16.49 21.81 14.25 12.35 12.77 13.8 14.71 9.49 7.34 13.5 3.47 7.37 13.7 16.84 7.29 9.65 4.25 4.07 15.08 15.48 9.53 15.06 14.87 13.43 20.22 12.69 15.71 8.44 12.59 18.14 14.45 19.18 15.78 14.59 7.52 14.09 17.48 11.23 14.33 17.16 14.43 10 8.24 2.91 12.39 9.13 6.73 8.47 14.52 12.82 13.46 7.01 9.14 18.26 14.08 12.09 11.77 16.19 11.71 13.6 13.76 16.44 11.4 13.96 11.6 9.87 11.95 14.26 11.4 16.03 16.95 10.23 7.19 16.34 11.23 5.84 14.92 10.69 14.34 8.35 13.3 8.31 9.4 18.5 9.97 18.29 14.87 13.73 19.2 6.97 9.45 17.04 9.39 12.3 10.69 18.25 8.06 2.38 17.67 16.89 10.37 13.29 4.67 16.31 15.55 11.66 17.96 14.43 16.29 15.62 10.13 18.95 5.62 12.49 8.49 11.17 11.99 12.99 6.25 12.77 15.1 8.96 14.99 13 14.41 7.35 11.37 10.67 15.87 15.61 8.88 15.73 14.98 13.68 7.22 18.31 9.64 5.37 10.19 15.85 13.26 
22.69 5.34 16.09 19.74 11.04 14.72 2.79 9.69 6.3 9.21 20.09 10.38 18.41 17.68 12.76 8.55 19.09 14.92 16.61 6.92 9.2 11.39 14.11 9.4 9.39 5.67 0 5.54 16.06 9.22 6.97 23.99 15.53 11.61 20.79 17.54 13.1 10.08 6.3 7.82 21.05 17.23 18.28 13.26 8.57 19.66 4.48 1.94 21.47 14.98 11.57 15.43 17.91 18.48 7.22 15.52 11.2 5.41 4.64 25.48 16.75 3.76 0.72 10.52 17.65 5.99 6.52 9.29 10.74 18.99 5.52 12.44 6.19 7.83 18.7 5.51 14.73 10.31 9.43 18.14 13.29 8.87 4.83 3.97 14.92 9.99 16.5 20.4 10.41 9.19 16.1 15.46 6.27 13.94 6.35 9.54 2.03 21.91 4.05 21.43 17.42 8.82 17.91 4.91 24.6 15.89 11.06 17.59 12.79 20.66 23.78 10.96 6.72 18.43 19.32 13.18 5.74 11.22 13.02 8.08 13.02 18.43 22.35 3.77 15.3 8.95 9.58 10.4 14.53 12.3 18.07 13.76 7.91 25.88 18.27 15.26 10.3 13.75 12.92 8.79 21.55 10.14 14.53 8.09 9.14 18.04 11.74 19.33 18.24 15.42 9.97 13.78 2.91 15.62 14.79 11.7 4.53 19.8 8.33 7.88 9.94 3.57 23.92 11.88 13.4 13.92 21.35 15.92 18.27 15.37 18.1 6.17 11.98 17.13 15.44 16.99 18.24 16.95 19.96 21.17 15.6 1.7 21.93 6.2 11.23 20.57 12.66 15.2 10.8 18.83 6.8 11.35 24.09 5.22 21.55 9.25 18.39 20.48 7.74 10.38 22.65 14.42 17.92 12.71 18.99 10.19 4.43 23.34 22.3 15.48 17.45 8.7 21.6 18.45 17.32 23.53 18.33 21.71 21.27 15.68 20.62 10.07 18.04 12.72 16.39 8.56 10.2 10.35 7.88 19.9 14.37 16.45 13.49 9.37 8.16 8.05 16.24 21.34 17.76 3.97 17 16.06 10.73 7.72 12.85 10.72 11 15.71 15.83 11.36 
