175 15225
4.82 6.94 10.52
456177
67 70 80 26 12 96 86 37 84 8 10 96 36 19 61 98 27 21 41 59 27 95 60 17 92 7 84 80 17 25 34 50 99 30 28 65 74 33 75 84 81 38 1 36 85 46 85 22 41 14 88 3 97 83 20 72 20 58 16 68 14 2 59 40 94 39 16 85 44 4 37 58 90 86 42 24 80 6 69 70 10 40 100 89 69 78 82 66 45 9 74 74 93 35 92 14 47 32 25 39 21 32 93 22 12 37 47 23 57 81 97 31 69 88 72 49 77 43 10 63 21 7 70 56 69 63 73 12 34 15 6 70 34 23 83 81 62 72 58 86 78 37 64 29 98 8 9 2 44 26 88 38 55 68 86 30 54 76 93 79 39 55 77 11 6 32 35 11 100 37 60 57 73 85 92 
0 19.37 13.39 8.04 1.48 13.31 20.92 18.41 6.89 34.65 13.68 5.24 13.32 26.58 18.29 16.13 14.75 27.96 13.02 18.53 18.36 10.84 23.07 24.5 30.24 9.63 24.19 30.54 26.21 22.81 25.76 6.41 9.52 18.83 27.54 13.73 3.72 21.6 18.12 24.71 13.29 11.85 19.7 24.58 9.14 27.22 7.57 7.25 27.02 12.83 25.71 10.07 15.1 32 13.05 21.02 7.94 15.69 13.05 7.93 13.58 4.14 23.32 6.12 25.62 16.05 2.16 23.29 18.26 7.43 28.49 30.33 18.42 19.49 25.98 27.4 16.7 12.4 17.94 13.63 13.82 21.03 26.26 24.27 23.99 28.36 5.97 11.06 11.6 16.18 6.04 13.77 6.3 8.43 11.84 26.06 28.32 26.84 7.77 27.95 17.82 15 19.02 26.76 10.04 21.04 1.19 7.98 23.58 27.27 15.51 25.96 4.34 22.24 24.87 18 33.99 25.04 20.69 20.27 3.55 25.23 10.32 8.71 13.88 18.7 3.67 14.88 3.78 8.58 1.8 23.73 18.86 6.92 20.29 27.19 27.46 8.67 22.93 18.82 12.91 8.4 13.78 31.1 13.86 26.43 1.29 28.32 0.97 8.32 1.31 4.73 4.41 1.98 20.27 15.17 19.58 17.57 20.08 19.53 17.04 13.53 10.84 28.18 25.73 16.29 24.28 17.45 15.12 24.5 10.5 13.81 19.67 28.24 29.66 
19.37 0 6.94 16.11 20.55 6.89 16.77 3.18 22.16 16.7 5.74 15.61 12.05 9.87 11.62 4.63 5.38 11.18 14.77 11.03 4.12 18.62 3.73 13.09 12.14 16.87 11.32 12.44 9.28 17.24 16.84 15.73 18.77 10.12 10.93 12.51 16.69 15.76 8.47 10.33 12.78 12.41 1.24 8.58 20 9.57 17.73 12.85 10.29 6.64 8.4 9.3 6.4 14.63 12.34 1.64 15.2 6.63 13.7 11.76 5.81 15.76 8.63 16.82 7.38 3.44 21.5 5.64 5.14 12.09 9.91 12.6 4.04 0.12 7.01 16.34 14.65 7.56 8.31 7.13 15.32 19.42 13.03 5.83 13.57 17.09 13.82 8.7 11.03 12.14 13.38 11.58 15.55 11.9 8.04 14.64 12.82 9.78 19.42 9.42 8.58 10.89 1.23 13.39 11.87 6.64 20.42 11.41 5.15 16.43 11.77 8.09 15.17 14.93 5.91 12.77 15.8 5.84 11.83 6.85 19.05 6.27 16.97 13.49 16.5 18.3 18.23 21.21 18.53 15.85 17.61 14.49 15.51 19.7 10.66 8.1 9.38 10.72 11.15 0.59 7.62 18.12 6.29 11.9 9.01 8.24 20.63 9.55 18.64 14.96 20.29 14.85 15.37 20.87 7.19 4.2 4.83 2.27 9.91 2.52 7.96 18.73 17.16 11.09 8.19 12.06 12.27 18.51 6.24 14.65 16.29 10.02 8.54 8.87 12.81 
13.39 6.94 0 9.17 14.36 5.6 18.7 5.1 15.3 23.6 3.58 10.87 5.86 13.28 13.71 6.53 5.49 14.68 13.63 13.39 8.33 11.8 10.58 12.71 19.02 14.02 16.35 19.33 15.8 19.83 15.35 8.89 11.86 12.89 17.41 12.01 11.5 18.27 5.96 11.83 6.57 5.76 6.81 14.71 16.59 16.32 10.79 8.32 13.73 2.04 15.01 4.19 1.93 21.41 6.05 8.44 8.26 8.01 7.39 7.05 2.6 9.41 14.18 9.97 12.26 4.75 15.4 12.23 8.96 5.99 15.14 19.42 8.33 7.04 12.78 16.03 15.25 5.28 11.04 0.62 14.47 20.66 18.36 10.96 17.78 16.97 7.46 2.38 9.25 7.22 7.88 5.57 11.3 5.2 1.59 14.42 19 13.5 15.62 16.35 5.77 11.31 7.17 14.36 9.13 7.84 14.29 6.11 11.99 16 6.57 14.86 9.05 17.96 11.69 14.42 22.72 11.98 9.62 11.44 13.97 13.21 14.39 10.19 10.25 18.89 13.19 19.62 13.52 12.63 11.76 18.29 16.88 15.59 14.05 14.01 14.08 5.07 15.67 6.53 6.19 14.68 0.7 18.73 3.03 15.1 14.67 16.49 12.53 8.02 14.49 8.66 10.07 15.13 7.28 3.62 9.71 4.73 8.18 6.31 4.77 17.15 14.77 17.72 14.86 12.99 12.21 18.54 1.88 18.73 9.47 9.76 7.25 15.53 19.42 
8.04 16.11 9.17 0 8.1 12.49 24.12 13.98 6.42 32.72 11.53 9.83 6.08 20.78 20.03 14.72 13.34 22.07 16.91 19.98 16.88 3.71 19.73 17.34 28.15 14.94 24.4 28.46 24.73 25.71 18.05 1.89 3.04 19.86 26.3 16.47 9.12 24.25 11.72 18.31 5.79 4.73 15.93 23.46 15.88 25.37 1.65 9.36 21.19 9.92 24 8.53 10.14 30.45 5.74 17.6 0.98 15.37 5.3 8.83 10.87 4.85 22.67 1.94 20.66 13.55 9.17 21.26 17.25 6.02 23.51 28.5 16.91 16.21 21.53 19.94 19.97 11.63 18.34 9.04 17.84 25.16 26.51 19.59 25.18 20.89 4.82 7.76 13.5 8.74 7.29 6.64 10.99 4.76 8.23 18.77 27.67 21.17 14.52 25.5 11.4 16.85 16.27 19.86 12.32 15.32 8.25 7.77 21.12 19.78 8.18 23.94 5.62 24.42 20.5 20.26 31.87 20.91 13.45 19.68 10.82 22.38 15.59 12.02 5.85 22.96 10.43 20.97 10.72 13.46 7.48 25.34 22.04 13.93 21.25 22.78 22.23 7.35 23.44 15.68 12.56 14.48 9.82 27.86 7.92 24.22 9.06 25.66 7.12 1.15 9.35 5.34 8.23 9.99 14.31 12.41 18.28 13.89 13.28 15.25 10.89 19 16.12 26.69 23.89 18.52 17.29 22.05 10.25 25.96 2.49 15.25 13.25 24.6 28.36 
1.48 20.55 14.36 8.1 0 14.65 22.38 19.43 5.77 36.01 14.91 6.72 13.75 27.44 19.76 17.46 16.06 28.81 14.48 20 19.69 10.47 24.27 25.03 31.58 11.02 25.65 31.88 27.59 24.27 26.07 6.68 9.1 20.3 28.94 15.22 5.2 23.07 18.81 25.44 13.63 12.27 20.83 25.97 10.29 28.57 7.33 8.67 27.88 13.95 27.06 11.27 16.01 33.38 13.45 22.19 8.17 17.09 13.3 9.28 14.74 4.96 24.73 6.16 26.62 17.28 1.11 24.61 19.63 8.5 29.5 31.69 19.75 20.67 27.06 27.83 18.17 13.72 19.39 14.56 15.26 22.44 27.72 25.31 25.47 28.79 6.9 12.09 13.06 16.57 7.33 14.23 7.77 9.27 12.86 26.55 29.75 27.73 8.96 29.25 18.5 16.48 20.25 27.37 11.51 21.89 0.36 9.23 24.86 27.68 15.93 27.29 5.39 23.72 25.95 19.48 35.34 26.15 21.18 21.67 4.77 26.49 11.71 10.19 13.83 20.1 5.03 16.1 5.09 10.02 3.18 25.21 20.32 8.06 21.76 28.28 28.42 9.84 24.39 20.01 14.28 9.71 14.8 32.34 14.58 27.75 1.24 29.61 1.93 8.57 1.9 5.74 5.85 2.29 21.06 16.36 20.94 18.68 20.68 20.59 17.76 14.86 12.22 29.55 27.07 17.77 24.85 18.83 16.04 25.98 10.45 15.27 20.36 29.42 31.05 
13.31 6.89 5.6 12.49 14.65 0 13.1 7.64 17.51 21.37 2.17 8.94 11.17 16.24 8.19 2.83 1.55 17.63 8.56 7.95 5.04 15.86 10.25 17.52 16.93 10.05 11.92 17.23 12.97 14.28 20.58 11.4 15.51 7.59 14.39 6.63 10.19 12.73 11.1 15.79 11.82 10.66 7.7 11.44 13.13 13.92 13.87 6.25 16.68 3.59 12.42 3.99 7.03 18.79 11.28 8.45 11.51 2.89 12.51 5.39 3.1 10.35 10.39 12.45 14.16 3.54 15.47 9.97 5.05 6.89 16.78 17.05 5.11 7.01 13.9 20.91 9.7 0.94 5.9 6.21 9.29 15.08 14.03 12.63 12.79 21.79 8.65 5.1 4.35 12.81 7.33 10.99 8.74 7.72 5.1 19.22 15.45 16.27 12.52 14.65 10.99 5.72 6.14 18.67 4.99 11.62 14.45 5.54 10.33 20.92 12.15 12.64 9.53 12.53 12.8 8.84 20.69 12.71 14.9 7.32 12.42 12.06 10.22 6.59 15.29 13.38 11.6 14.9 11.87 8.97 11.52 13.11 11.28 12.82 8.9 14.97 16.16 5.36 10.96 6.31 0.78 11.23 5.14 17.96 8.6 13.12 14.49 15.06 12.73 11.43 14.04 9.33 9.01 14.56 11.52 3.41 6.3 6.02 13.24 8.22 10.01 12.38 10.47 14.95 12.43 7.39 16.87 13.15 6.88 13.64 13.67 4.22 12.07 15.36 16.51 
20.92 16.77 18.7 24.12 22.38 13.1 0 19.26 27.27 20.9 15.16 15.8 24.18 26.34 5.21 12.96 13.42 27.51 7.9 5.75 12.65 27.8 17.86 29.66 18.18 11.64 9.05 18.36 14.31 1.98 33.13 22.52 27.09 6.66 14.41 7.66 17.26 1.69 23.83 27.1 24.79 23.49 18 12.67 13.97 15.78 25.09 14.94 26.71 16.69 14.67 16.17 19.98 18.04 24.25 17.46 23.21 10.95 25.41 15.29 16.13 20.24 11.03 23.34 23.32 15.15 22.65 14.57 11.63 18.11 25.03 17.57 12.74 16.83 22.11 32.99 4.26 13.57 8.48 19.3 7.15 3.03 9.95 21.89 6.46 33.78 19.39 17.94 10.62 25.91 17.03 24.05 14.65 19.71 18.11 31.28 13.36 26.12 14.69 17.74 23.78 7.51 15.54 30.16 11.84 23.26 22.04 16.36 15.79 33.06 25.25 15.61 19.25 3.17 21.31 4.29 20.89 20.75 27.62 10.43 17.95 17.45 11.03 12.53 28.05 3.66 17.45 10.03 17.49 12.38 19.54 5.24 2.1 15.62 6.45 22.65 25.13 16.95 7.86 16.41 12.58 13.33 18.2 21.78 21.71 16.35 21.54 18.52 20.92 23.28 20.82 19.32 17.11 20.95 23.55 15.81 12.17 17.51 25.81 19.17 22.84 9.01 10.63 15.36 15.02 5.78 28.89 5.07 19.81 6.02 25.89 9.15 24.52 21.11 15.81 
18.41 3.18 5.1 13.98 19.43 7.64 19.26 0 20.27 19.39 5.75 15.37 9.26 8.72 14.05 6.39 6.45 10.13 16.14 13.52 6.81 16.11 6.02 10.4 14.88 17.57 14.46 15.18 12.37 19.92 13.95 13.92 16.42 12.71 14.01 14.05 16.22 18.4 5.29 8.2 9.98 9.84 2.3 11.76 20.5 12.52 15.63 12.64 9.17 5.76 11.46 8.63 3.85 17.51 9.58 4.05 13.14 8.5 10.91 11.43 5.28 14.49 11.8 14.97 7.22 4.33 20.45 8.75 7.8 10.98 10.08 15.44 6.75 3.21 7.68 13.75 16.66 7.97 10.81 5.03 16.82 21.73 16.2 5.87 16.59 14.56 12.54 7.35 11.98 9.04 12.67 8.74 15.56 10.3 6.57 12.04 15.97 8.83 19.72 12.09 5.4 12.71 4.19 11.15 12.46 4.09 19.35 10.76 8.1 13.8 8.72 11.05 14.08 17.7 6.6 15.09 18.42 6.94 8.73 9.83 18.67 8.85 17.79 13.89 13.63 20.38 17.86 22.53 18.18 16.36 16.73 17.44 17.8 19.85 13.45 8.92 9.11 9.84 14.2 3.2 8.42 18.58 4.63 13.95 6.34 11.1 19.69 12.09 17.58 12.85 19.46 13.71 14.81 20.09 4.3 4.23 7.8 1.77 6.82 1.27 4.81 20.01 18.07 14.11 11.21 14.11 9.64 20.4 3.73 17.65 13.8 11.53 5.46 10.63 15.83 
6.89 22.16 15.3 6.42 5.77 17.51 27.27 20.27 0 38.54 17.07 11.52 12.37 27.18 24.01 20.09 18.66 28.46 19.46 24.13 22.34 6.54 25.85 23.4 33.99 16.39 29.27 34.29 30.32 29.08 23.57 6.43 5.27 24.23 31.82 19.77 10.15 27.76 18.11 24.65 11.97 11.11 22.11 28.9 16.01 31.1 4.82 12.57 27.6 15.66 29.67 13.59 16.47 36.12 12.02 23.71 7.16 20.29 11.29 12.67 16.58 7.32 27.9 5.34 27.07 19.3 6.29 27.01 22.53 10.63 29.92 34.26 22.38 22.27 27.88 25.72 23.02 16.58 23 15.26 20.32 27.67 31.38 25.96 29.56 26.64 8.86 13.51 17.18 14.81 10.64 12.96 12.72 10.29 14.12 24.71 32.96 27.58 14.65 31.43 17.78 20.69 22.17 26.01 15.71 21.74 6.12 12.07 27 25.53 14.35 29.71 8.27 28.22 26.84 23.95 37.74 27.21 19.52 24.83 10.44 28.4 17.09 14.75 10.61 25.34 10.54 21.77 10.67 15.2 7.83 29.49 25.18 13.78 25.69 29.13 28.65 12.17 28.15 21.69 17.37 15.26 15.91 34.02 14.33 30.06 6.99 31.66 6.54 7.48 7.67 8.35 10.17 8.01 20.72 18.21 23.7 20.01 19.56 21.53 17.3 20.37 17.62 32.31 29.6 22.18 23.43 24.16 16.56 30.19 7.75 19.26 19.62 30.83 33.92 
34.65 16.7 23.6 32.72 36.01 21.37 20.9 19.39 38.54 0 21.48 29.91 28.64 18.62 18.73 18.6 20.03 18.74 25.06 18.12 16.34 35.32 13.37 25.38 4.57 28.74 12.19 4.27 8.46 19.67 29.33 32.15 35.46 17.29 7.3 22.96 31.32 19.22 24.05 21.62 29.36 29.09 17.14 10.19 31.96 7.46 34.31 27.44 18.63 22.9 8.95 25.04 23.05 2.92 28.94 15.38 31.78 19 30.29 26.73 21.96 31.64 11.7 33.25 15.78 19.25 36.8 11.53 16.39 28.02 14.67 4.32 16.29 16.61 13.93 27.48 22.37 22.31 17.31 23.82 24.99 23.78 10.96 15.66 14.44 27.75 29.82 25.07 23.66 28.23 28.7 28.13 29.36 28.27 24.52 26.21 7.58 18.02 31.99 7.3 24.27 21.05 16.45 23.84 25.12 20.6 35.8 26.88 11.61 27.71 28.02 8.83 30.88 17.74 14.36 19.8 1.13 13.57 26.27 14.55 33.28 10.53 28.47 26.78 33.01 24.38 32.5 30.18 32.72 28.45 32.86 15.68 21.42 32.63 16.18 13.12 16 26.51 13.6 17.07 21.74 30.46 22.92 6.87 25.65 8.51 35.78 7.33 34.1 31.57 35.29 30.64 30.28 35.75 21.7 20.35 15.08 18.96 24.55 18.18 23.99 28.33 28.36 6.54 8.97 20.73 24.52 25.53 22.9 14.97 32.99 21.57 23.38 9.97 5.34 
13.68 5.74 3.58 11.53 14.91 2.17 15.16 5.75 17.07 21.48 0 9.91 9.35 14.46 10.13 3.22 1.97 15.87 10.66 9.81 5.36 14.65 9.39 15.38 16.94 11.82 13.08 17.25 13.28 16.25 18.42 10.73 14.47 9.32 14.81 8.79 10.96 14.69 8.93 13.78 10.04 9.03 6.27 11.94 14.76 14.04 13.03 7.15 14.91 1.75 12.6 3.65 4.88 19.06 9.51 7.38 10.55 4.45 10.8 6.03 0.98 10.24 11.16 11.81 12.64 2.37 15.83 9.95 5.76 6.58 15.38 17.19 5.38 5.86 12.62 18.77 11.85 2.24 7.49 4.17 11.42 17.21 15.15 11.15 14.3 19.66 8.37 3.78 6.36 10.78 7.66 9.12 9.95 6.86 3.49 17.09 16.15 14.54 14.02 14.46 8.82 7.85 5.34 16.61 6.71 9.61 14.75 5.7 10.03 18.77 10.15 12.66 9.57 14.38 11.5 10.87 20.71 11.54 12.73 8.23 13.33 11.59 12.06 8.15 13.64 15.54 12.51 16.94 12.81 10.61 11.91 14.76 13.38 14.2 10.51 13.77 14.62 5.11 12.28 5.17 2.89 12.84 3.04 17.43 6.61 13.03 14.92 14.76 12.99 10.41 14.57 9.28 9.63 15.14 9.43 1.62 6.75 4.31 11.08 6.52 7.84 14.42 12.36 15.26 12.54 9.5 14.76 15.31 4.72 15.23 12.38 6.39 9.92 14.57 16.89 
5.24 15.61 10.87 9.83 6.72 8.94 15.8 15.37 11.52 29.91 9.91 0 13.1 24 13.05 11.75 10.48 25.41 7.95 13.31 13.85 13.42 19.14 23.28 25.61 5.17 19.07 25.9 21.46 17.65 25.31 7.95 12.37 13.65 22.7 8.5 1.53 16.4 16.53 22.7 13.36 11.77 16.18 19.75 6.31 22.56 10.23 2.77 24.45 9.62 21.04 6.77 12.78 27.18 12.95 17.23 9.2 10.92 13.49 3.94 10.12 5.07 18.39 8.41 22.49 12.17 7.22 18.79 13.6 5.47 25.27 25.62 13.92 15.73 22.53 26.47 11.55 8.12 12.89 11.3 8.8 16.16 21.12 21.03 18.77 27.43 5.34 8.53 6.45 15.85 3.26 13.36 1.23 7.33 9.3 24.95 23.32 24.16 5.08 23.49 16.28 9.78 15.02 25.15 4.9 18.68 6.42 4.76 19.24 26.39 15.1 21.39 4.21 17.01 21.41 12.76 29.32 21.44 19.76 15.39 3.47 21 5.84 3.47 15.26 13.85 2.65 11.14 2.93 3.78 3.74 18.49 13.72 4.82 15.1 23.68 24.44 5.83 17.78 15.02 8.38 4.7 11.02 26.9 12.44 21.92 6.11 23.94 5.13 9.45 5.5 4.5 1.6 5.88 18.14 11.52 14.95 14.17 18.7 16.32 15.34 9.26 6.38 23.39 21.1 11.04 22.88 12.72 12.74 19.26 12.18 8.66 17.96 24.28 24.8 
13.32 12.05 5.86 6.08 13.75 11.17 24.18 9.26 12.37 28.64 9.35 13.1 0 14.88 19.36 12.39 11.31 16.12 18.22 19.1 14.14 7.04 15.28 11.32 24.11 17.54 22.19 24.41 21.27 25.44 12.47 7.08 7.64 18.67 22.91 17.01 13.05 23.89 5.79 12.27 0.74 1.48 11.5 20.34 19.4 21.62 7.57 11.36 15.28 7.64 20.42 8.22 5.66 26.68 0.36 13.26 5.66 13.8 1.65 10.28 8.41 9.32 19.95 7.79 15.15 10.55 14.85 17.64 14.81 7.7 17.92 24.63 14.13 12.12 16.27 14.09 20.45 10.62 16.85 5.37 19.12 25.88 24.19 14.27 23.63 15.05 7.97 6.26 14.02 2.87 9.87 0.6 13.98 5.78 6.08 12.81 24.64 15.31 18.18 21.34 5.47 16.68 12.6 13.79 13.4 9.58 13.83 9.02 17.19 13.95 2.19 20.14 9.58 23.69 15.33 19.96 27.68 15.87 7.45 17.28 15.29 18.1 18.06 13.89 4.47 23.93 14.68 23.55 15.01 16.02 12.21 24.12 22.26 17.85 19.87 17.5 16.55 8 21.53 11.78 11.61 17.67 6.52 23.11 3.06 20.27 14.51 21.35 12.36 5.27 14.62 9.15 11.75 15.3 8.49 9.44 15.5 9.81 7.21 10.5 5.16 21.24 18.54 23.13 20.23 18.41 11.22 23.37 5.83 24.57 4.88 15.05 7.27 19.71 24.85 
26.58 9.87 13.28 20.78 27.44 16.24 26.34 8.72 27.18 18.62 14.46 24 14.88 0 21.32 14.44 14.9 1.41 24.55 20.69 13.86 21.76 8.71 6.97 15.11 26.26 19.35 15.31 15.06 26.55 10.77 21.27 22.5 19.71 16.39 22.34 24.75 25.16 9.09 3.34 15.4 16.07 8.76 15.55 29.22 14.31 22.36 21.31 0.45 14.39 14.14 17.23 11.48 17.99 15.25 8.91 20.14 16.5 16.22 20.07 13.99 22.5 16.5 22.21 3.33 12.74 28.51 12.53 14.86 19.25 4.13 16.04 13.77 9.79 5.14 8.88 24.51 16.66 18.02 12.97 25.15 29.12 20.44 4.52 22.11 9.23 20.6 15.66 20.57 12.95 21.14 14.28 24.25 18.17 14.87 7.6 18.72 0.62 28.44 12.69 9.42 20.76 11.04 5.24 21.15 5.56 27.41 19.3 11.28 9.11 13.18 13.24 22.25 24.14 5.41 22.52 17.49 6.2 9.1 15.97 27.22 10.39 26.45 22.61 18.16 28.13 26.43 30.99 26.75 25.08 25 23.26 25.25 28.55 19.98 5.58 2.65 18.31 19.69 10.37 17.02 27.3 13.01 11.78 12.99 12.79 27.86 12.15 25.69 19.78 27.72 21.85 23.32 28.38 6.48 12.9 14.18 10.23 8.07 8.03 9.89 28.49 26.71 15.96 13.74 21.91 6.17 28.38 11.47 23.2 19.74 19.83 7.63 8.76 17.38 
18.29 11.62 13.71 20.03 19.76 8.19 5.21 14.05 24.01 18.73 10.13 13.05 19.36 21.32 0 7.76 8.31 22.54 6.45 0.71 7.51 23.61 13.06 24.45 15.18 10.35 6.66 15.42 10.93 6.12 27.93 18.61 23.06 1.75 11.56 4.7 14.58 4.56 18.65 21.94 20 18.81 12.84 9.09 13.42 12.37 21.19 11.44 21.71 11.75 11 11.67 14.87 15.81 19.46 12.42 19.08 5.79 20.68 11.44 11.11 16.72 7.37 19.54 18.41 9.95 20.25 10.18 6.49 14.03 20.32 14.8 7.6 11.69 17.34 27.78 3.81 8.79 3.32 14.3 6.28 7.81 8.46 16.93 5.73 28.58 15.53 13.22 6.84 20.91 13.4 19.18 12.11 15.39 13.29 26.07 11.32 21.14 13.66 14.07 18.61 3.32 10.4 24.99 8.34 18.06 19.46 12.31 11.3 27.85 20.27 11.8 15.75 4.41 16.47 1.28 18.44 15.97 22.43 5.74 15.91 13.1 9.96 9.58 23.42 6.95 15.25 11.64 15.37 10.44 16.68 5.48 3.94 14.44 2.55 18 20.29 12.69 5.24 11.24 7.79 12.14 13.16 18.11 16.74 12.53 19.14 14.79 18.07 19.09 18.49 15.72 14.04 18.78 18.34 10.66 7.2 12.3 20.61 13.98 17.69 9.62 9.78 12.45 11.27 2.14 23.68 7.56 14.69 6.22 21.56 4.81 19.32 16.86 13.39 
16.13 4.63 6.53 14.72 17.46 2.83 12.96 6.39 20.09 18.6 3.22 11.75 12.39 14.44 7.76 0 1.44 15.77 10.14 7.3 2.26 17.87 7.61 16.76 14.13 12.34 9.88 14.43 10.25 13.79 20.17 13.83 17.68 6.61 11.73 7.9 13.01 12.24 10.91 14.5 13.09 12.18 5.68 8.81 15.54 11.14 16.19 9.08 14.86 4.94 9.65 6.5 7.3 16.07 12.57 6.01 13.74 2.12 13.9 8.21 4.05 13.05 7.95 14.91 12 2.2 18.29 7.15 2.54 9.48 14.47 14.28 2.31 4.73 11.51 20.12 10.29 3.74 4.69 7.04 10.71 15.36 11.93 10.45 11.27 20.95 11.27 6.99 6.48 13.49 10.13 12.09 11.47 10.01 6.7 18.41 12.96 14.38 15.06 11.82 10.89 6.38 3.63 17.51 7.5 10.46 17.26 8.28 7.5 20.17 12.92 9.83 12.28 11.72 10.44 8.74 17.89 10.24 14.68 5.01 15.21 9.26 12.4 9.18 16.75 14 14.4 16.59 14.66 11.43 14.34 11.84 11.43 15.43 7.62 12.5 14 7.95 9.14 4.09 3.37 13.69 5.88 15.15 9.48 10.3 17.31 12.23 15.54 13.61 16.87 12.05 11.84 17.39 10.64 3.04 3.61 4.62 12.86 6.55 9.99 14.1 12.57 12.24 9.64 7.72 16.02 14.07 7.12 12.24 15.6 5.4 11.56 12.64 13.83 
14.75 5.38 5.49 13.34 16.06 1.55 13.42 6.45 18.66 20.03 1.97 10.48 11.31 14.9 8.31 1.44 0 16.27 9.7 7.94 3.7 16.55 8.7 16.61 15.54 11.5 11.15 15.85 11.69 14.42 19.85 12.41 16.32 7.4 13.16 7.6 11.7 12.86 10.44 14.64 12 11 6.25 10.24 14.62 12.56 14.8 7.77 15.34 3.71 11.08 5.06 6.56 17.5 11.47 6.92 12.36 2.54 12.77 6.85 2.9 11.62 9.34 13.49 12.7 2.16 16.91 8.55 3.91 8.04 15.29 15.71 3.74 5.5 12.39 20 10.37 2.37 5.54 6.06 10.37 15.63 13.23 11.16 12.34 20.86 9.83 5.66 5.69 12.64 8.73 11.06 10.29 8.61 5.44 18.3 14.37 14.9 14.05 13.2 10.37 6.36 4.6 17.59 6.49 10.51 15.87 6.86 8.84 20.03 12.02 11.25 10.85 12.49 11.29 9.14 19.31 11.18 14.24 6.34 13.95 10.55 11.62 8.12 15.6 14.1 13.13 16.12 13.41 10.47 12.95 12.81 11.74 14.36 8.56 13.44 14.7 6.51 10.32 4.8 2.24 12.74 4.9 16.45 8.51 11.7 15.94 13.58 14.13 12.24 15.51 10.61 10.49 16.04 10.53 2.43 5.04 4.74 12.5 6.88 9.42 13.61 11.85 13.67 11.06 7.9 15.92 14.01 6.39 13.27 14.3 5.09 11.26 13.82 15.27 
27.96 11.18 14.68 22.07 28.81 17.63 27.51 10.13 28.46 18.74 15.87 25.41 16.12 1.41 22.54 15.77 16.27 0 25.9 21.89 15.11 22.94 9.74 7.42 15.48 27.65 20.29 15.66 15.79 27.66 10.98 22.6 23.72 20.9 17.05 23.67 26.16 26.29 10.35 4.16 16.62 17.35 10.09 16.42 30.63 14.95 23.64 22.73 0.96 15.81 14.91 18.64 12.87 18.33 16.49 10.13 21.45 17.81 17.42 21.49 15.4 23.88 17.47 23.53 4.24 14.12 29.89 13.48 16.1 20.65 4.07 16.44 15.02 11.09 5.85 8.82 25.78 18.06 19.25 14.37 26.49 30.32 21.28 5.62 23.1 9.03 21.99 17.07 21.95 14.09 22.55 15.53 25.67 19.55 16.27 7.75 19.38 1.41 29.85 13.21 10.68 22.07 12.33 5.25 22.55 6.93 28.78 20.72 12.22 9.07 14.35 13.97 23.65 25.23 6.34 23.75 17.61 7.06 10.02 17.1 28.63 11.16 27.84 24.02 19.26 29.38 27.84 32.34 28.17 26.48 26.4 24.28 26.47 29.97 21.12 6.01 2.88 19.72 20.7 11.69 18.41 28.7 14.42 11.86 14.33 13.47 29.25 12.61 27.07 21.09 29.12 23.24 24.73 29.77 7.8 14.3 15.36 11.62 9.17 9.41 11.2 29.84 28.09 16.56 14.5 23.19 6.72 29.66 12.87 24.18 20.96 21.17 8.86 9.1 17.89 
13.02 14.77 13.63 16.91 14.48 8.56 7.9 16.14 19.46 25.06 10.66 7.95 18.22 24.55 6.45 10.14 9.7 25.9 0 6.99 11.28 20.62 17.37 26.04 21.29 4 13.1 21.55 16.98 9.81 28.96 15.17 19.76 7.77 17.81 2.35 9.38 8.69 19.48 24.32 18.71 17.24 15.81 15.13 6.98 18.34 17.68 7.55 24.98 11.65 16.88 10.02 15.35 22.16 18.2 16.07 16.08 8.19 19.16 8.23 11.48 12.64 13.47 15.88 22.13 11.86 14.75 15.43 10.5 11.14 24.51 21.02 11.38 14.87 21.51 29.42 3.74 8.48 8.1 14.24 0.93 8.31 14.89 20.58 11.93 30.32 12.09 12.1 4.38 20.46 9.63 18.24 6.77 12.97 12.54 27.75 17.75 24.51 7.29 19.82 19.34 4.28 13.71 27.22 4.83 20.17 14.14 9.46 16.33 29.42 19.73 17.54 11.66 9.54 20.48 5.63 24.71 20.19 23.23 11.08 10.1 18.22 3.54 4.9 21.53 6.06 9.57 6.44 9.61 4.5 11.68 11.32 5.86 8.12 8.96 22.4 24.12 10.31 11.68 14.23 7.79 5.79 13.36 23.75 16.33 18.22 13.64 20.47 13.04 16.22 12.93 11.79 9.34 13.09 20.08 11.96 11.72 14.45 21.67 16.57 18.34 3.96 3.33 18.66 17.08 4.35 25.42 5.2 15.22 12.16 18.95 4.75 20.57 21.94 19.73 
18.53 11.03 13.39 19.98 20 7.95 5.75 13.52 24.13 18.12 9.81 13.31 19.1 20.69 0.71 7.3 7.94 21.89 6.99 0 6.91 23.53 12.38 23.91 14.52 10.84 6.13 14.76 10.25 6.5 27.43 18.62 23.02 1.04 10.92 5.11 14.84 4.94 18.21 21.35 19.76 18.6 12.26 8.41 13.96 11.68 21.18 11.58 21.06 11.47 10.31 11.56 14.49 15.21 19.22 11.78 19.02 5.41 20.46 11.5 10.79 16.82 6.7 19.57 17.75 9.49 20.53 9.47 5.89 14.01 19.64 14.16 6.99 11.09 16.66 27.24 4.51 8.61 2.73 13.97 6.88 8.44 8 16.28 5.47 28.03 15.56 13.02 6.99 20.58 13.49 18.9 12.41 15.31 13.05 25.53 10.76 20.49 14.15 13.37 18.18 3.53 9.8 24.41 8.52 17.51 19.71 12.32 10.6 27.31 19.95 11.1 15.85 4.59 15.8 1.99 17.81 15.29 21.98 5.03 16.25 12.4 10.48 9.85 23.22 7.64 15.57 12.32 15.71 10.85 16.89 5.39 4.6 14.9 1.97 17.31 19.62 12.63 4.72 10.66 7.6 12.62 12.83 17.41 16.42 11.83 19.42 14.09 18.28 19.02 18.78 15.81 14.24 19.09 17.82 10.25 6.54 11.78 20.14 13.41 17.27 10.27 10.32 11.8 10.58 2.64 23.14 8.27 14.31 6.07 21.44 4.87 18.83 16.15 12.78 
18.36 4.12 8.33 16.88 19.69 5.04 12.65 6.81 22.34 16.34 5.36 13.85 14.14 13.86 7.51 2.26 3.7 15.11 11.28 6.91 0 19.94 6.09 17.11 11.89 13.96 8.08 12.19 8 13.17 20.76 16.05 19.81 6.01 9.48 8.94 15.16 11.67 11.87 14.45 14.87 14.09 5.35 6.59 17.22 8.89 18.38 11.23 14.26 7 7.4 8.75 8.73 13.81 14.36 4.99 15.91 3.21 15.71 10.43 6.06 15.31 5.86 17.13 11.08 3.6 20.51 4.95 1.02 11.74 13.28 12.02 0.1 4.18 10.27 20.4 10.68 5.97 4.19 8.78 11.7 15.32 10.05 9.56 9.88 21.17 13.53 9.12 8.17 14.93 12.37 13.79 13.49 12.21 8.75 18.7 10.8 13.71 16.85 9.64 11.91 7.13 2.89 17.5 9.37 10.67 19.49 10.53 5.44 20.48 14.42 7.6 14.53 10.9 9.28 8.68 15.65 8.93 15.5 3.19 17.3 7.27 13.93 11.08 18.58 14.27 16.49 17.64 16.75 13.2 16.56 10.65 11.42 17.3 6.64 11.13 13.03 10.21 7.56 3.77 5.49 15.43 7.65 13.12 11.14 8.09 19.52 10.09 17.77 15.76 19.06 14.31 14.03 19.56 11.08 4.72 1.4 5.18 13.6 6.54 11.1 15.22 14.03 9.98 7.39 8.09 16.32 14.57 8.55 10.92 17.64 6.62 12.26 10.84 11.58 
10.84 18.62 11.8 3.71 10.47 15.86 27.8 16.11 6.54 35.32 14.65 13.42 7.04 21.76 23.61 17.87 16.55 22.94 20.62 23.53 19.94 0 22.08 17.23 30.76 18.57 27.69 31.06 27.6 29.37 17.09 5.5 1.38 23.35 29.2 20.16 12.57 27.89 12.74 18.93 6.42 6.27 18.25 26.45 19.3 28.11 3.32 13.07 22.14 12.95 26.81 11.99 12.31 33.2 6.69 19.99 4.58 18.74 5.55 12.53 13.88 8.36 25.79 5.05 22.19 16.46 11.41 24.04 20.41 9.68 24.94 31.2 19.95 18.71 23.3 19.33 23.67 15.04 21.76 11.52 21.55 28.87 29.78 21.31 28.63 20.24 8.53 10.89 17.18 8.88 11 7.63 14.61 8.22 11.19 18.43 30.72 22.22 17.93 28.04 12.43 20.48 18.97 19.94 16.02 16.59 10.71 11.44 23.75 19.13 8.59 26.65 9.22 28.02 22.35 23.89 34.42 22.86 13.44 22.88 14.01 24.84 19.23 15.73 4.13 26.67 13.73 24.55 13.99 17.11 10.68 28.86 25.73 17.26 24.72 24.53 23.55 10.93 26.8 18.27 16.01 18 12.5 30.05 9.77 26.86 11.61 28.11 10.01 4.53 12.06 8.98 11.82 12.64 15.48 15.31 21.34 16.36 13.8 17.37 12.2 22.64 19.76 29.52 26.66 22.17 17.36 25.76 12.45 29.45 2.34 18.86 14.13 26.67 31.22 
23.07 3.73 10.58 19.73 24.27 10.25 17.86 6.02 25.85 13.37 9.39 19.14 15.28 8.71 13.06 7.61 8.7 9.74 17.37 12.38 6.09 22.08 0 13.78 8.89 19.92 10.68 9.19 7 17.93 17.76 19.43 22.31 11.36 8.57 15.03 20.29 16.59 10.83 10.35 16 15.81 3.83 7.04 23.15 6.79 21.36 16.4 9.02 10.37 6.04 13 9.77 11.61 15.6 2.14 18.84 9.24 16.93 15.37 9.53 19.49 7.82 20.51 5.5 7.04 25.2 3.88 6.92 15.82 7.28 9.52 5.99 3.62 4.29 16.68 16.55 11.02 9.88 10.7 17.79 20.74 11.92 4.2 13.41 17.28 17.55 12.42 14.07 14.91 17.05 14.77 18.99 15.61 11.75 15.08 10.77 8.39 22.67 6.09 11.02 13.2 4.13 13.3 15.11 7.81 24.12 15.09 2.73 16.84 14.67 5.38 18.89 15.5 3.45 14.31 12.4 2.92 13.55 7.44 22.61 2.85 19.94 16.78 19.64 19.99 21.79 23.72 22.07 19.05 21.3 14.55 16.98 23.03 11.43 5.05 7.27 14.43 10.99 4.26 10.91 21.3 9.95 8.18 12.33 5.26 24.31 6.06 22.35 18.59 23.96 18.58 19 24.53 8.76 7.91 5.9 5.85 11.68 4.81 10.65 21.31 20.07 8.47 5.71 14.02 12.89 20.45 9.63 14.5 19.75 12.69 10.39 5.17 10.14 
24.5 13.09 12.71 17.34 25.03 17.52 29.66 10.4 23.4 25.38 15.38 23.28 11.32 6.97 24.45 16.76 16.61 7.42 26.04 23.91 17.11 17.23 13.78 0 21.58 26.73 24.16 21.81 20.73 30.28 4.02 18.39 18.26 23.08 22.24 24.14 23.62 28.77 6.78 3.77 11.56 12.78 11.87 20.78 29.25 20.28 18.72 20.92 7.1 14.52 19.77 16.87 10.83 24.48 11.64 12.95 16.99 18.86 12.13 19.67 14.57 20.4 21.33 19.11 9.62 14.62 26.14 17.59 18.13 17.91 11.1 22.44 17.04 13.06 11.5 3.39 26.97 17.57 21.19 12.17 26.81 32.12 25.61 10.04 26.6 4.28 18.76 14.85 21.7 8.62 20.08 10.81 23.87 16.3 14.15 1.71 24.5 7.59 28.22 18.96 7.02 22.97 14.29 2.8 21.79 6.46 25.09 18.59 16.5 3.41 9.17 19.01 20.46 28.01 11.3 25.48 24.27 12.14 3.89 19.93 26.02 16.17 27.09 22.9 13.2 30.7 25.32 32.24 25.66 25.33 23.22 27.57 28.19 28.09 23.74 12.27 9.6 17.48 24.16 13.35 18.27 27.36 12.82 18.62 10.87 18.71 25.73 18.54 23.54 16.59 25.77 20.03 22.21 26.45 6.12 14.21 17.92 12.15 4.58 10.59 7.98 29.74 27.46 21.98 19.41 24.45 0.89 30.61 10.93 27.69 15.64 21.67 5.5 15.42 23.55 
30.24 12.14 19.02 28.15 31.58 16.93 18.18 14.88 33.99 4.57 16.94 25.61 24.11 15.11 15.18 14.13 15.54 15.48 21.29 14.52 11.89 30.76 8.89 21.58 0 24.8 9.13 0.31 4.32 17.28 25.59 27.59 30.89 13.6 3.77 19.08 26.98 16.53 19.68 17.85 24.84 24.54 12.61 6.17 28.06 3.05 29.74 23.07 15.2 18.34 4.58 20.53 18.51 2.9 24.41 10.85 27.21 14.69 25.76 22.31 17.4 27.13 7.84 28.69 12 14.69 32.39 7 12.02 23.5 11.5 1.01 11.83 12.05 10.1 23.96 18.96 17.85 13.3 19.25 21.33 21.18 8.6 11.61 11.86 24.34 25.3 20.5 19.48 23.8 24.25 23.61 25.12 23.71 19.95 22.57 5.33 14.55 27.98 2.81 19.89 17.13 11.88 20.33 20.89 16.37 31.38 22.4 7.03 24.17 23.56 4.3 26.39 15.07 10.32 16.36 3.77 9.49 22.11 10.41 29.02 6.04 24.58 22.58 28.51 21.42 28.22 26.81 28.45 24.38 28.44 13.2 18.32 28.57 12.68 9.53 12.62 22 10.41 12.5 17.34 26.47 18.35 4.45 21.11 3.94 31.39 3.05 29.66 27 30.92 26.14 25.89 31.4 17.43 15.79 10.68 14.4 20.32 13.7 19.55 24.78 24.53 2.82 4.51 17.04 20.7 22.41 18.35 12.64 28.42 17.47 19.11 6.38 2.93 
9.63 16.87 14.02 14.94 11.02 10.05 11.64 17.57 16.39 28.74 11.82 5.17 17.54 26.26 10.35 12.34 11.5 27.65 4 10.84 13.96 18.57 19.92 26.73 24.8 0 16.96 25.07 20.49 13.6 29.22 13.08 17.54 11.52 21.44 5.79 6.29 12.6 19.97 25.54 17.91 16.33 17.74 18.65 3.29 21.79 15.4 6.18 26.7 12.27 20.29 9.9 15.91 25.87 17.45 18.34 14.26 10.75 18.17 7.31 12.42 10.24 17.06 13.58 24.2 13.59 11.14 18.54 13.35 9.89 26.77 24.6 14.05 16.98 23.84 30.05 7.66 9.6 11.5 14.57 4.54 11.43 18.82 22.66 15.92 30.99 10.28 12 5.86 20.1 7.88 17.69 3.96 11.84 12.63 28.44 21.56 26.31 3.31 23.11 19.77 7.69 15.97 28.27 5.11 21.38 10.67 8.54 19.3 30.01 19.35 20.86 9.35 13.52 22.75 9.62 28.33 22.59 23.53 14.42 6.38 21.18 0.7 3.84 20.19 9.09 5.99 6.08 5.96 1.53 8.58 15.32 9.7 4.12 12.8 24.85 26.2 9.61 15.56 16.29 9.29 1.79 13.94 26.9 16.27 21.5 10.05 23.7 9.85 14.48 9.32 9.61 6.76 9.38 21.07 13.36 14.68 16.04 22.2 18.25 18.78 4.09 1.23 22.26 20.45 8.22 26.21 7.81 15.82 16.16 17.23 7.44 21.25 24.79 23.43 
24.19 11.32 16.35 24.4 25.65 11.92 9.05 14.46 29.27 12.19 13.08 19.07 22.19 19.35 6.66 9.88 11.15 20.29 13.1 6.13 8.08 27.69 10.68 24.16 9.13 16.96 0 9.32 5.38 8.28 28.03 23.31 27.41 5.5 5.36 11.2 20.58 7.41 19.72 20.95 22.92 22.06 12.46 4.01 20.08 6.82 25.79 17.01 19.64 14.82 5.92 15.91 16.81 9.27 22.4 11.2 23.42 9.05 23.74 16.65 13.93 21.97 2.86 24.34 16.07 11.66 26.26 6.83 7.39 18.73 17.15 8.56 8.1 11.32 14.5 27.23 10.19 12.81 6.29 16.82 12.93 12.06 2.12 14.87 2.97 27.88 20.45 16.81 12.62 22.99 18.71 21.86 18.28 19.64 16.57 25.59 4.68 18.99 20.27 8.85 19.79 9.45 10.27 23.94 14.17 17.8 25.38 17.2 8.07 27.36 22.5 6.92 21.06 5.97 13.97 7.65 12.02 13.23 23.16 4.91 22.19 9.3 16.61 15.67 26.6 12.32 21.47 17.99 21.64 16.91 22.48 4.29 9.27 21.01 4.16 14.73 17.6 17.23 1.43 11.26 11.94 18.74 15.68 12.82 19.21 7.63 25.17 9.66 23.83 23.34 24.58 20.94 19.8 24.94 18.48 12.75 6.79 13.05 21.23 13.81 19.06 16.17 16.44 6.31 6.31 8.76 23.29 13.39 16.62 3.97 25.45 10.41 19.87 12.62 6.91 
30.54 12.44 19.33 28.46 31.88 17.23 18.36 15.18 34.29 4.27 17.25 25.9 24.41 15.31 15.42 14.43 15.85 15.66 21.55 14.76 12.19 31.06 9.19 21.81 0.31 25.07 9.32 0 4.58 17.43 25.81 27.9 31.19 13.84 3.96 19.35 27.28 16.7 19.96 18.07 25.14 24.84 12.91 6.43 28.33 3.34 30.05 23.37 15.4 18.64 4.87 20.84 18.81 2.68 24.71 11.15 27.52 14.98 26.06 22.61 17.71 27.44 8.09 28.99 12.22 15 32.69 7.31 12.31 23.81 11.66 0.97 12.13 12.35 10.32 24.17 19.19 18.16 13.57 19.56 21.58 21.36 8.72 11.86 12.02 24.54 25.6 20.81 19.77 24.09 24.56 23.91 25.41 24.02 20.26 22.79 5.41 14.75 28.25 3.09 20.17 17.4 12.19 20.54 21.18 16.64 31.68 22.7 7.34 24.38 23.85 4.6 26.69 15.24 10.56 16.59 3.46 9.74 22.38 10.68 29.31 6.33 24.85 22.87 28.8 21.62 28.51 27.04 28.75 24.66 28.74 13.36 18.53 28.85 12.91 9.73 12.8 22.3 10.61 12.81 17.64 26.74 18.65 4.49 21.41 4.24 31.69 3.3 29.96 27.31 31.22 26.45 26.19 31.7 17.7 16.1 10.97 14.71 20.59 13.99 19.83 25.03 24.79 3.02 4.81 17.29 20.93 22.63 18.65 12.78 28.73 17.75 19.38 6.56 2.96 
26.21 9.28 15.8 24.73 27.59 12.97 14.31 12.37 30.32 8.46 13.28 21.46 21.27 15.06 10.93 10.25 11.69 15.79 16.98 10.25 8 27.6 7 20.73 4.32 20.49 5.38 4.58 0 13.66 24.73 24.01 27.59 9.31 1.65 14.77 22.86 12.71 17.55 17.2 22.01 21.5 10.08 1.85 23.75 1.47 26.28 18.99 15.28 14.82 0.96 16.75 15.62 5.81 21.54 8.41 23.77 10.55 22.92 18.3 13.87 23.3 3.56 25.09 11.73 11.18 28.36 3.64 7.95 19.73 12.27 4.17 7.95 9.22 9.96 23.52 14.73 13.91 8.99 16.12 17.03 17.34 5.65 10.82 8.33 24.06 21.52 16.98 15.24 21.4 20.3 20.83 20.91 20.14 16.51 21.97 3.77 14.61 23.68 3.47 17.7 12.81 8.68 20.02 16.68 14.79 27.37 18.5 4.37 23.69 21.05 1.83 22.5 11.31 9.69 12.14 7.89 8.87 20.5 6.13 24.83 4.67 20.27 18.35 25.74 17.37 24.05 22.57 24.27 20.1 24.43 9.67 14.24 24.29 8.47 9.91 12.97 18.2 6.45 9.5 13.31 22.17 15.1 7.46 18.22 2.4 27.34 4.27 25.68 23.6 26.83 22.29 21.83 27.29 15.7 12.33 6.67 11.48 18.61 11.36 17.18 20.5 20.21 1.98 1.33 12.74 19.84 18.28 15.45 9.27 25.27 13.19 17.29 7.42 3.63 
22.81 17.24 19.83 25.71 24.27 14.28 1.98 19.92 29.08 19.67 16.25 17.65 25.44 26.55 6.12 13.79 14.42 27.66 9.81 6.5 13.17 29.37 17.93 30.28 17.28 13.6 8.28 17.43 13.66 0 33.87 24.17 28.71 7.22 13.54 9.35 19.13 1.56 24.7 27.54 26.08 24.84 18.48 12.15 15.95 15.1 26.75 16.65 26.9 17.86 14.13 17.59 20.98 16.86 25.54 17.76 24.79 11.89 26.73 16.92 17.23 21.98 10.62 25.02 23.43 15.98 24.56 14.4 12.15 19.69 24.94 16.59 13.24 17.29 22.09 33.57 6.1 14.84 9.14 20.42 9.09 4.17 8.79 22.05 5.42 34.33 21.04 19.26 12.22 27.03 18.73 25.28 16.52 21.22 19.36 31.87 12.23 26.28 16.67 17.12 24.67 8.92 16.02 30.6 13.52 23.84 23.94 17.94 15.66 33.65 26.39 15.11 20.98 2.44 21.37 5.52 19.74 20.75 28.46 10.59 19.89 17.2 13 14.33 29.43 5.47 19.38 11.89 19.41 14.3 21.39 4.08 3.95 17.59 6.6 22.53 25.16 18.46 7.3 16.94 13.84 15.3 19.29 21.1 22.85 15.84 23.45 17.92 22.78 24.84 22.74 21.03 18.92 22.89 24.22 16.74 12.49 18.21 26.61 19.71 23.77 10.98 12.6 14.49 14.51 7.2 29.48 6.94 20.8 4.71 27.41 10.56 25.29 20.74 14.74 
25.76 16.84 15.35 18.05 26.07 20.58 33.13 13.95 23.57 29.33 18.42 25.31 12.47 10.77 27.93 20.17 19.85 10.98 28.96 27.43 20.76 17.09 17.76 4.02 25.59 29.22 28.03 25.81 24.73 33.87 0 19.41 18.3 26.65 26.25 27.2 25.42 32.34 9.49 7.74 12.47 13.94 15.63 24.73 31.49 24.3 19.2 23.19 10.83 17.31 23.77 19.33 13.61 28.49 12.72 16.84 17.9 22.22 12.78 21.97 17.53 21.79 25.22 19.94 13.6 17.99 27.17 21.54 21.75 19.84 14.88 26.45 20.69 16.82 15.49 2.77 30.21 20.5 24.74 14.76 29.77 35.48 29.54 14.06 30.4 3.42 20.38 17.22 24.58 9.61 22.05 12.09 26.04 18.05 16.61 3.23 28.5 11.39 30.36 22.98 9.62 26.2 18.01 5.76 24.47 10.24 26.18 20.8 20.48 2.48 10.32 23.02 22.03 31.65 15.31 28.9 28.21 16.16 5.73 23.68 27.73 20.19 29.65 25.4 12.97 33.93 27.09 34.96 27.42 27.76 24.68 31.32 31.57 30.12 27.39 16.22 13.42 19.69 27.97 17.04 21.29 29.65 15.6 22.53 12.97 22.73 26.92 22.55 24.79 17.51 27.07 21.6 24.07 27.74 9.68 17.43 21.66 15.66 7.36 14.31 10.62 32.5 30.06 26 23.42 27.75 4.91 33.73 13.75 31.48 15.97 24.8 8.61 19.38 27.56 
6.41 15.73 8.89 1.89 6.68 11.4 22.52 13.92 6.43 32.15 10.73 7.95 7.08 21.27 18.61 13.83 12.41 22.6 15.17 18.62 16.05 5.5 19.43 18.39 27.59 13.08 23.31 27.9 24.01 24.17 19.41 0 4.59 18.56 25.53 14.86 7.23 22.74 12.37 19.02 6.95 5.61 15.7 22.64 14 24.74 2.58 7.65 21.7 9.26 23.32 7.42 10.17 29.78 6.78 17.29 1.53 14.26 6.65 7.25 10.19 2.96 21.74 1.09 20.86 12.91 7.78 20.63 16.32 4.62 23.74 27.89 16.09 15.84 21.57 21.15 18.34 10.5 17.14 8.89 16.1 23.46 25.42 19.69 23.91 22.11 3.14 7.09 11.96 9.89 5.55 7.57 9.13 3.88 7.69 19.89 26.78 21.62 12.64 25.02 12.05 15.38 15.75 20.79 10.69 15.73 6.78 6.3 20.59 21 9.26 23.33 3.74 22.98 20.51 18.77 31.34 20.85 14.52 18.7 8.99 21.97 13.74 10.27 7.64 21.23 8.57 19.1 8.86 11.62 5.66 24 20.44 12.06 19.99 22.82 22.53 6.09 22.28 15.26 11.38 12.59 9.49 27.6 8.28 23.66 7.52 25.23 5.45 1.91 7.72 3.48 6.35 8.38 14.8 11.81 17.44 13.59 14.13 15.17 11.41 17.15 14.27 25.98 23.24 17.02 18.25 20.28 10.25 24.64 4.34 13.81 13.93 24.42 27.62 
9.52 18.77 11.86 3.04 9.1 15.51 27.09 16.42 5.27 35.46 14.47 12.37 7.64 22.5 23.06 17.68 16.32 23.72 19.76 23.02 19.81 1.38 22.31 18.26 30.89 17.54 27.41 31.19 27.59 28.71 18.3 4.59 0 22.9 29.17 19.44 11.44 27.27 13.43 19.77 7.11 6.65 18.49 26.37 18.12 28.17 2.14 12.24 22.89 12.82 26.83 11.56 12.58 33.25 7.28 20.2 4.01 18.4 6.31 11.81 13.76 7.3 25.63 3.96 22.75 16.41 10.04 24.07 20.21 9.05 25.54 31.28 19.83 18.87 23.78 20.48 22.92 14.66 21.37 11.65 20.69 28.05 29.51 21.8 28.22 21.4 7.72 10.69 16.5 9.77 10.14 8.24 13.58 7.79 11.08 19.52 30.61 22.94 16.74 28.2 13.1 19.87 19.03 20.93 15.27 17.22 9.36 10.78 23.85 20.29 9.4 26.72 8.21 27.45 22.8 23.28 34.58 23.27 14.42 22.66 12.76 25.03 18.21 14.86 5.35 25.82 12.52 23.47 12.77 16.11 9.47 28.39 25.01 16.05 24.29 25.02 24.19 10.39 26.47 18.38 15.6 16.89 12.54 30.37 10.13 26.96 10.26 28.31 8.72 4.08 10.73 8.01 10.78 11.29 16.13 15.26 21.21 16.52 14.64 17.69 12.78 21.62 18.74 29.53 26.7 21.54 18.35 24.86 12.71 29 2.77 18.28 14.87 27.04 31.22 
18.83 10.12 12.89 19.86 20.3 7.59 6.66 12.71 24.23 17.29 9.32 13.65 18.67 19.71 1.75 6.61 7.4 20.9 7.77 1.04 6.01 23.35 11.36 23.08 13.6 11.52 5.5 13.84 9.31 7.22 26.65 18.56 22.9 0 10.05 5.73 15.17 5.69 17.51 20.45 19.34 18.24 11.35 7.46 14.69 10.72 21.11 11.76 20.09 11.02 9.33 11.36 13.88 14.4 18.8 10.81 18.89 4.88 20.07 11.56 10.29 16.91 5.76 19.54 16.75 8.79 20.87 8.43 4.98 13.94 18.61 13.27 6.09 10.18 15.64 26.39 5.52 8.33 1.93 13.46 7.74 9.42 7.48 15.29 5.35 27.17 15.55 12.69 7.23 20.02 13.59 18.44 12.82 15.14 12.66 24.69 10.04 19.51 14.81 12.38 17.49 3.95 8.89 23.51 8.79 16.65 20.02 12.29 9.56 26.47 19.42 10.1 15.96 5.11 14.78 3.03 16.95 14.27 21.25 4 16.71 11.36 11.2 10.22 22.86 8.68 16 13.3 16.16 11.42 17.15 5.52 5.62 15.53 1.46 16.28 18.61 12.52 4.15 9.78 7.34 13.28 12.3 16.41 15.91 10.82 19.77 13.08 18.53 18.86 19.15 15.89 14.49 19.49 17.01 9.62 5.54 10.99 19.39 12.54 16.6 11.19 11.08 10.91 9.58 3.45 22.3 9.3 13.7 6.1 21.22 5.04 18.07 15.12 11.96 
27.54 10.93 17.41 26.3 28.94 14.39 14.41 14.01 31.82 7.3 14.81 22.7 22.91 16.39 11.56 11.73 13.16 17.05 17.81 10.92 9.48 29.2 8.57 22.24 3.77 21.44 5.36 3.96 1.65 13.54 26.25 25.53 29.17 10.05 0 15.67 24.13 12.76 19.18 18.66 23.65 23.12 11.73 2.97 24.68 2.11 27.82 20.3 16.59 16.37 2.57 18.22 17.26 4.49 23.18 10.05 25.33 11.85 24.55 19.67 15.43 24.73 4.4 26.61 13.08 12.76 29.68 5.29 9.34 21.2 13.38 3.25 9.44 10.87 11.26 24.97 15.29 15.33 10.01 17.74 17.78 17.41 5 12.27 8.13 25.48 22.99 18.54 16.39 23.04 21.68 22.47 22.1 21.67 18.09 23.44 2.33 15.92 24.68 4.1 19.34 13.75 10.32 21.44 17.87 16.38 28.71 19.92 5.99 25.15 22.7 3.23 23.92 11.3 11.09 12.7 6.91 10.25 22.11 7.31 26.03 6.09 21.18 19.52 27.38 17.66 25.26 23.14 25.47 21.15 25.77 9.47 14.57 25.33 9.02 11.08 14.19 19.67 6.65 11.14 14.68 23.16 16.71 7.7 19.85 3.6 28.65 4.88 27.04 25.16 28.12 23.72 23.15 28.56 17.31 13.91 8.12 13.12 20.22 13 18.83 21.18 21.09 0.95 2.87 13.49 21.35 18.68 17.09 8.95 26.87 14.28 18.91 8.34 2.12 
13.73 12.51 12.01 16.47 15.22 6.63 7.66 14.05 19.77 22.96 8.79 8.5 17.01 22.34 4.7 7.9 7.6 23.67 2.35 5.11 8.94 20.16 15.03 24.14 19.08 5.79 11.2 19.35 14.77 9.35 27.2 14.86 19.44 5.73 15.67 0 10.02 8 17.71 22.25 17.56 16.17 13.58 12.92 9 16.11 17.43 7.3 22.76 9.98 14.63 8.81 13.61 20.08 17.04 13.77 15.58 5.89 18.1 7.63 9.67 12.62 11.3 15.69 19.85 9.73 15.65 13.1 8.15 10.49 22.19 18.85 9.04 12.61 19.18 27.52 3.52 6.73 5.82 12.62 2.81 8.9 13.11 18.3 10.41 28.4 11.73 10.77 3.04 19.05 9.38 16.96 7.48 12.16 11.09 25.83 15.77 22.28 9.08 17.53 17.59 1.97 11.42 25.19 4.18 18.11 14.9 8.74 13.99 27.54 18.35 15.26 11.63 8.52 18.16 4.26 22.57 17.86 21.49 8.79 11.22 15.88 5.51 5.06 20.63 6.93 10.58 8.72 10.69 5.75 12.2 10.02 5.57 9.81 7.05 20.07 21.84 9.41 9.81 11.99 5.91 7.55 11.65 21.43 14.86 15.93 14.53 18.16 13.59 15.66 13.86 11.68 9.64 14.12 18.1 9.95 9.37 12.32 19.86 14.4 16.59 6.28 5.44 16.5 14.81 2.59 23.48 6.54 13.46 10.81 18.31 2.52 18.7 19.6 17.64 
3.72 16.69 11.5 9.12 5.2 10.19 17.26 16.22 10.15 31.32 10.96 1.53 13.05 24.75 14.58 13.01 11.7 26.16 9.38 14.84 15.16 12.57 20.29 23.62 26.98 6.29 20.58 27.28 22.86 19.13 25.42 7.23 11.44 15.17 24.13 10.02 0 17.9 16.93 23.27 13.22 11.64 17.19 21.18 6.76 23.94 9.3 3.94 25.2 10.46 22.42 7.59 13.38 28.61 12.86 18.33 8.61 12.32 13.24 4.93 11.06 4.27 19.84 7.52 23.4 13.27 5.69 20.11 14.96 5.72 26.22 27.01 15.24 16.81 23.54 26.73 13.03 9.33 14.38 11.88 10.21 17.52 22.63 21.97 20.3 27.7 5.09 9.12 7.96 15.86 3.62 13.36 2.61 7.38 9.91 25.26 24.8 24.94 5.41 24.81 16.66 11.31 16.17 25.61 6.4 19.34 4.89 5.46 20.52 26.64 15.13 22.74 3.61 18.53 22.42 14.28 30.71 22.49 19.99 16.83 2.47 22.25 6.99 5 14.77 15.2 1.71 12.05 2.05 5.05 2.32 20.02 15.19 4.89 16.62 24.71 25.32 6.44 19.3 16.11 9.68 5.45 11.74 28.15 12.74 23.26 4.6 25.24 3.66 8.91 4.01 3.99 1.43 4.43 18.72 12.54 16.31 15.12 19.05 17.23 15.77 10.35 7.53 24.8 22.47 12.57 23.27 14.02 13.35 20.79 11.56 10.17 18.42 25.45 26.24 
21.6 15.76 18.27 24.25 23.07 12.73 1.69 18.4 27.76 19.22 14.69 16.4 23.89 25.16 4.56 12.24 12.86 26.29 8.69 4.94 11.67 27.89 16.59 28.77 16.53 12.6 7.41 16.7 12.71 1.56 32.34 22.74 27.27 5.69 12.76 8 17.9 0 23.15 26.08 24.53 23.3 17 11.11 15.14 14.18 25.32 15.28 25.52 16.3 13.11 16.07 19.42 16.35 23.99 16.33 23.33 10.33 25.19 15.49 15.67 20.61 9.5 23.61 22.08 14.43 23.41 13.17 10.65 18.23 23.68 15.9 11.74 15.81 20.8 32.07 4.96 13.29 7.6 18.86 8.06 4.66 8.26 20.68 4.78 32.84 19.61 17.72 10.78 25.47 17.33 23.72 15.3 19.72 17.81 30.37 11.68 24.91 15.76 16.15 23.12 7.42 14.54 29.14 12.13 22.33 22.75 16.48 14.41 32.15 24.83 14.06 19.62 1.48 20.04 4.01 19.2 19.44 26.91 9.2 18.79 16.01 12.03 13.02 27.9 5.28 18.24 11.55 18.3 13.18 20.14 3.57 2.93 16.66 5.18 21.28 23.85 16.98 6.27 15.44 12.29 14.34 17.72 20.18 21.29 14.8 22.29 16.94 21.53 23.36 21.6 19.65 17.62 21.77 22.7 15.19 11.04 16.68 25.07 18.21 22.21 10.34 11.67 13.71 13.47 5.73 27.98 6.61 19.24 4.36 25.91 9.05 23.75 19.62 14.13 
18.12 8.47 5.96 11.72 18.81 11.1 23.83 5.29 18.11 24.05 8.93 16.53 5.79 9.09 18.65 10.91 10.44 10.35 19.48 18.21 11.87 12.74 10.83 6.78 19.68 19.97 19.72 19.96 17.55 24.7 9.49 12.37 13.43 17.51 19.18 17.71 16.93 23.15 0 6.65 6.33 7 7.49 17.03 22.47 17.57 13.29 14.14 9.5 7.85 16.62 10.09 4.14 22.43 6.16 9.14 11.14 12.88 7.19 12.88 8.04 13.98 17.09 13.25 9.54 8.72 19.9 13.97 12.8 11.22 12.22 20.34 11.83 8.5 10.86 10.08 20.76 11.01 15.58 5.4 20.29 26.07 21.48 8.86 21.74 11.02 12.23 8.06 15.11 4.27 13.35 5.2 17.09 9.74 7.37 8.48 21.2 9.52 21.44 16.87 0.33 16.75 9.45 8.69 15.08 3.89 18.82 11.82 13.21 10.04 4.27 16.11 13.93 22.59 10.04 19.56 23.03 10.7 3.81 15 19.37 13.66 20.35 16.14 9.42 24.46 18.64 25.57 18.98 18.56 16.71 22.51 22.18 21.33 18.4 12.04 10.81 10.71 19.39 8.47 11.8 20.58 6.14 18.02 4.26 16.08 19.38 16.73 17.18 10.77 19.35 13.5 15.51 20.03 2.74 8.02 12.99 6.71 2.22 6.19 1.2 23.08 20.73 19.21 16.34 18.33 6.35 24.24 4.26 22.79 10.66 15.32 1.56 14.57 20.91 
24.71 10.33 11.83 18.31 25.44 15.79 27.1 8.2 24.65 21.62 13.78 22.7 12.27 3.34 21.94 14.5 14.64 4.16 24.32 21.35 14.45 18.93 10.35 3.77 17.85 25.54 20.95 18.07 17.2 27.54 7.74 19.02 19.77 20.45 18.66 22.25 23.27 26.08 6.65 0 12.71 13.58 9.1 17.39 28.31 16.66 19.84 20.13 3.57 13.31 16.25 15.99 9.92 20.75 12.63 9.86 17.77 16.62 13.46 18.86 13.12 20.58 18.09 19.89 5.86 12.52 26.53 14.23 15.47 17.61 7.43 18.72 14.37 10.27 7.75 6.34 24.79 16.02 18.63 11.4 25.01 29.72 22.27 6.4 23.53 6.94 18.77 14.18 20.11 10.05 19.65 11.69 23.11 16.29 13.4 4.78 20.95 3.95 27.41 15.26 6.97 20.87 11.56 3.06 20.46 4.17 25.44 17.94 13.07 6.5 10.37 15.44 20.46 25.2 7.62 23.06 20.5 8.47 5.86 17.01 25.73 12.58 25.82 21.76 15.16 28.49 24.98 30.69 25.31 24.24 23.24 24.57 25.79 27.41 20.95 8.5 5.9 16.88 21.08 10.7 16.57 26.39 11.73 14.86 10.86 15.1 25.98 14.82 23.78 17.39 25.92 20.04 21.83 26.59 4.56 12.37 15.06 9.93 5.13 7.98 7.68 28.17 26.13 18.35 15.87 22.21 2.91 28.56 9.96 24.62 17.03 19.73 5.09 11.65 19.88 
