75 2775
6.67 8.82 13.44
80488.5
40 8 21 95 52 68 55 1 23 13 46 89 18 25 79 12 54 33 20 89 39 27 76 12 71 45 63 42 49 32 53 72 95 12 94 55 80 71 91 80 18 56 92 6 43 35 33 24 14 90 98 83 49 9 14 56 9 65 78 26 81 93 37 70 6 10 15 90 71 65 32 95 68 71 62 
0 7.1 21.54 20.94 17.72 10.4 16.01 9.06 12.31 6.85 17.97 8.41 15.85 4.44 20.73 9.98 19.62 13.05 21.69 21.91 19.07 15.62 20.75 22.89 15.9 19.65 20.07 18.24 4.5 24.54 18.55 6.42 15.41 10.76 11.91 8.68 16.05 6.46 10.97 18.2 11.01 9.17 10.66 19.25 17.21 12.66 8.16 17.6 16.94 9.08 7.65 2.53 23.91 3.97 18.58 13.18 16.32 7.63 11.99 3.06 21.95 18.51 6.42 9.17 18.22 28.18 25.57 16.56 13.68 8.19 15.92 7.61 15.31 4.58 10 
7.1 0 19.78 17.63 17.91 16.38 21.28 14.07 18.88 2.14 18.31 1.38 13.95 6.99 13.7 17.04 15.62 11.74 14.6 19.28 25.22 20.42 17.93 21.42 16.85 22.41 24.55 19.77 10.44 24.15 20.19 10.81 17.19 17.81 18.05 9.44 20.93 10.2 7.29 21.24 15.91 15.8 9.7 19.51 11.18 5.6 6.98 11.62 12.08 3.61 10.06 7.49 23.39 6.38 19.95 11.33 22.1 10.88 9.52 5.26 21.92 21.21 4.67 8.25 23.76 27.04 25.22 13.1 10.83 11.12 12.49 14.05 16.78 10.15 12.55 
21.54 19.78 0 4.85 6.05 20.76 20.36 17.86 24.05 17.78 6.32 20.2 5.88 17.12 21.12 26.11 7.27 8.53 22.77 2.63 25.84 18.58 3.38 1.78 8.3 13.34 19.39 9.35 19.75 5.78 9.7 27.92 10.18 28.76 21.95 12.96 19.02 16.37 12.52 13.76 17.74 29.29 10.93 5.9 14.23 19.22 13.68 14.05 10.61 16.36 14.57 19.24 4.95 17.58 8.94 8.61 22.53 15.32 10.29 18.78 5.4 12.81 16.03 27.89 22.55 7.35 6.66 7.44 8.98 14.7 7.86 28.31 9.54 26.11 13.38 
20.94 17.63 4.85 0 9.49 22.49 23.25 19.35 25.9 15.89 9.91 17.75 5.74 16.75 16.58 27.21 2.69 8.42 18.22 2.49 28.76 21.51 1.5 6.41 11.23 17.34 23.06 13.17 20.15 10.58 13.59 27.04 13.14 29.56 23.9 13.09 22.01 16.93 10.47 17.45 19.71 29.49 10.56 9.98 9.98 15.87 12.77 9.72 6.59 14.02 15.08 18.94 9.76 17.04 12.85 7.95 25.3 16.1 8.95 17.94 10.15 16.61 14.76 25.88 25.65 11.23 11.39 4.55 7.27 15.55 5.18 28.26 12.4 25.48 14.69 
17.72 17.91 6.05 9.49 0 15.04 14.31 12.34 18.23 15.77 0.51 18.71 5.68 13.37 23.18 20.66 10.89 6.4 24.83 8.21 19.8 12.53 8.13 6.4 2.37 7.89 13.61 3.71 15.02 6.84 4.16 24.12 4.15 23.46 16.09 9.18 12.98 11.73 11.5 7.98 11.95 24.45 8.2 1.6 16.14 19.11 11 16.12 12.66 15.08 10.14 15.23 6.27 13.97 3.45 7.14 16.49 10.55 8.99 15.41 4.23 7.12 13.45 25.39 16.53 10.75 7.85 9.11 8.61 9.91 9.11 23.7 3.57 22.1 8.28 
10.4 16.38 20.76 22.49 15.04 0 5.89 3.21 3.41 15.07 14.98 17.76 16.76 9.63 28.71 6.02 22.41 14.34 29.99 22.3 8.85 6.1 21.63 21.41 12.67 12.49 10.49 13.34 6.05 21.2 13.38 14.43 11.06 9.05 1.73 10.37 6.35 6.89 16 10.92 3.11 11.28 12.87 16.01 23.31 21.23 12.53 23.58 21.45 16.55 8.28 8.95 20.88 10.11 13.83 15.1 5.92 7.05 15.22 11.12 18.55 11.69 12.95 19.35 7.85 25.44 22.03 19.32 16.61 7.38 18.82 11.4 11.5 12.28 7.82 
16.01 21.28 20.36 23.25 14.31 5.89 0 7.23 6.57 19.67 14.06 22.62 17.89 14.29 32.46 10.93 23.84 16.12 33.88 22.42 5.52 1.78 22.09 20.52 12.15 8.83 4.81 11.4 11.53 19.17 11.22 20.32 10.22 13.87 5.06 13.45 1.41 11.11 19.24 7.51 5.37 16.71 15.45 14.73 26.35 25.57 16.12 26.54 23.85 20.73 11.78 14.2 19.08 14.9 11.89 17.04 2.24 10.67 17.78 16.17 16.77 8.52 17.24 25.1 2.64 23.44 19.79 21.05 18.81 10.66 20.69 17.09 10.92 18.17 10.04 
9.06 14.07 17.86 19.35 12.34 3.21 7.23 0 6.61 12.53 12.35 15.42 13.61 7.1 25.81 8.32 19.22 11.14 27.14 19.27 11.45 6.59 18.54 18.63 10.01 11.29 11.02 11.2 4.62 18.82 11.34 14.25 8.63 11.15 4.83 7.2 7.05 4.01 12.91 9.74 1.96 12.58 9.67 13.48 20.21 18.56 9.5 20.47 18.26 13.78 5.16 7.03 18.42 7.69 11.66 11.89 8.12 3.92 12.02 8.94 16.13 10.29 10.21 18.22 9.69 22.98 19.71 16.11 13.41 4.2 15.61 12.23 8.93 12.04 4.66 
12.31 18.88 24.05 25.9 18.23 3.41 6.57 6.61 0 17.8 18.13 20.27 20.17 12.48 31.69 4.49 25.82 17.75 32.9 25.66 7.03 7.61 25.01 24.63 15.87 14.74 11.36 16.22 8.46 24.16 16.2 15 14.16 7.32 2.15 13.7 7.62 10.07 19.23 13.22 6.31 10.41 16.24 19.1 26.53 24.01 15.73 26.82 24.79 19.47 11.59 11.4 23.9 12.87 16.72 18.5 5.36 10.37 18.57 13.65 21.55 14.12 15.89 20.69 7.45 28.43 24.93 22.72 20 10.74 22.22 11.08 14.66 13.04 11.23 
6.85 2.14 17.78 15.89 15.77 15.07 19.67 12.53 17.8 0 16.17 3.16 11.92 5.46 14.08 16.43 14.04 9.63 15.18 17.42 23.86 18.71 16.09 19.4 14.72 20.36 22.73 17.65 9.36 22.05 18.08 11.69 15.09 17.55 16.78 7.37 19.23 8.56 5.42 19.23 14.29 15.95 7.57 17.37 10.46 6.21 4.84 10.87 10.75 2.3 8.17 6.5 21.29 4.96 17.82 9.26 20.63 9.1 7.49 4.27 19.79 19.17 2.62 10.12 22.2 25 23.12 11.34 8.89 9.27 10.71 14.3 14.66 10.65 10.59 
17.97 18.31 6.32 9.91 0.51 14.98 14.06 12.35 18.13 16.17 0 19.13 6.19 13.64 23.69 20.66 11.37 6.86 25.33 8.56 19.53 12.28 8.54 6.54 2.34 7.44 13.22 3.26 15.17 6.65 3.7 24.35 3.99 23.49 15.99 9.48 12.71 11.9 11.97 7.58 11.88 24.55 8.61 1.28 16.65 19.58 11.38 16.63 13.17 15.52 10.36 15.47 6.14 14.25 2.97 7.62 16.25 10.71 9.46 15.71 4 6.7 13.82 25.73 16.24 10.66 7.65 9.62 9.11 10.08 9.62 23.83 3.47 22.32 8.4 
8.41 1.38 20.2 17.75 18.71 17.76 22.62 15.42 20.27 3.16 19.13 0 14.46 8.33 12.52 18.37 15.6 12.43 13.36 19.53 26.6 21.74 18.16 21.89 17.78 23.52 25.83 20.74 11.83 24.79 21.18 11.65 18.22 19.07 19.43 10.53 22.25 11.53 7.68 22.39 17.25 16.93 10.53 20.3 10.59 4.45 7.93 11.03 11.88 3.85 11.29 8.88 24.01 7.73 20.9 11.93 23.46 12.16 10.06 6.65 22.64 22.32 5.78 8.28 25.11 27.52 25.86 13.28 11.23 12.37 12.69 15.15 17.78 11.18 13.74 
15.85 13.95 5.88 5.74 5.68 16.76 17.89 13.61 20.17 11.92 6.19 14.46 0 11.48 17.52 21.49 5.96 2.84 19.16 6.11 23.35 16.21 5.08 7.48 6.47 13.22 18.33 9.15 14.57 10.46 9.64 22.16 8.2 23.9 18.2 7.53 16.73 11.28 6.79 12.94 14.04 24.02 5.2 6.94 10.46 14 7.84 10.44 7 10.62 9.42 13.65 9.64 11.88 9 2.73 19.84 10.39 4.44 13 8.63 12.27 10.15 22.02 20.39 13.09 11.51 3.51 3.34 9.83 3.45 22.9 7.44 20.43 8.95 
4.44 6.99 17.12 16.75 13.37 9.63 14.29 7.1 12.48 5.46 13.64 8.33 11.48 0 19.21 11.72 15.66 8.66 20.42 17.58 18.41 13.45 16.45 18.45 11.66 16.13 17.64 14.2 4.24 20.16 14.55 10.85 11.4 13.43 11.34 4.25 13.95 3.23 7.43 14.8 8.92 12.8 6.29 14.92 14.44 11.6 4.11 14.78 13.44 6.99 3.58 2.2 19.52 0.7 14.5 8.87 15.18 4.06 7.88 2.24 17.6 14.95 3.42 12.47 16.79 23.75 21.2 12.52 9.58 4.44 11.89 11.51 11.2 8.99 6.14 
20.73 13.7 21.12 16.58 23.18 28.71 32.46 25.81 31.69 14.08 23.69 12.52 17.52 19.21 0 30.51 13.93 17.5 1.66 19.07 37.25 31.16 17.85 22.84 23.55 30.33 34.47 26.49 23.35 26.87 26.98 23.92 24.88 31.49 30.43 19.01 31.7 21.85 13.27 29.72 27.29 29.45 17.25 24.43 7.07 8.1 16.37 7.16 10.69 12.22 20.76 20.56 26.02 18.86 26.41 16.55 33.83 21.95 15.15 18.35 25.74 29.25 15.8 18.9 35.09 27.79 27.78 14.24 14.79 21.85 14.12 27.67 24.19 23.68 22.47 
9.98 17.04 26.11 27.21 20.66 6.02 10.93 8.32 4.49 16.43 20.66 18.37 21.49 11.72 30.51 0 26.69 18.8 31.56 27.37 11.16 11.71 26.53 26.93 18.32 18.48 15.74 19.28 7.51 27.06 19.35 11.07 16.87 3.04 5.95 14.25 11.82 10.35 19.08 16.92 9.03 5.93 16.87 21.77 26.16 22.52 15.6 26.5 25.01 18.43 12.17 10 26.69 11.88 19.76 19.38 9.85 11.11 19.01 12.16 24.38 17.71 15.06 17.25 11.94 31.26 27.92 23.51 20.61 11.66 22.94 6.74 17.22 9.36 12.75 
19.62 15.62 7.27 2.69 10.89 22.41 23.84 19.22 25.82 14.04 11.37 15.6 5.96 15.66 13.93 26.69 0 8.08 15.57 5.15 29.3 22.17 3.93 8.94 12.25 18.77 24.18 14.59 19.39 13.06 15.05 25.49 14.07 28.86 23.93 12.44 22.68 16.35 8.77 18.68 19.84 28.46 9.82 11.69 7.29 13.38 11.57 7.03 4 12.01 14.54 17.84 12.22 15.86 14.34 7.35 25.78 15.66 7.8 16.57 12.31 17.92 13.26 23.83 26.35 13.92 13.91 3.19 6.12 15.19 3.79 27.12 13.3 24.09 14.62 
13.05 11.74 8.53 8.42 6.4 14.34 16.12 11.14 17.75 9.63 6.86 12.43 2.84 8.66 17.5 18.8 8.08 0 19.09 8.94 21.47 14.54 7.89 9.99 6.13 12.84 17.23 9.15 11.76 12.42 9.64 19.4 7.38 21.15 15.86 4.71 15.08 8.51 5.1 12.23 11.8 21.19 2.4 7.96 10.71 12.73 5.18 10.8 7.78 8.71 6.66 10.83 11.66 9.08 9.16 0.97 17.93 7.69 2.6 10.25 10.21 11.75 7.6 19.59 18.7 15.5 13.48 5.02 2.79 7.17 4.59 20.06 6.68 17.63 6.55 
21.69 14.6 22.77 18.22 24.83 29.99 33.88 27.14 32.9 15.18 25.33 13.36 19.16 20.42 1.66 31.56 15.57 19.09 0 20.7 38.59 32.6 19.5 24.49 25.16 31.93 35.99 28.11 24.51 28.53 28.6 24.51 26.46 32.42 31.71 20.44 33.15 23.16 14.75 31.29 28.67 30.24 18.77 26.09 8.73 9.04 17.76 8.82 12.35 13.44 22.14 21.68 27.68 20.04 28.04 18.15 35.19 23.31 16.71 19.44 27.41 30.84 17.04 19.18 36.5 29.42 29.43 15.9 16.4 23.24 15.77 28.44 25.78 24.41 23.92 
21.91 19.28 2.63 2.49 8.21 22.3 22.42 19.27 25.66 17.42 8.56 19.53 6.11 17.58 19.07 27.37 5.15 8.94 20.7 0 27.94 20.66 1.39 3.98 10.28 15.82 21.77 11.73 20.63 8.18 12.12 28.17 12.2 29.89 23.6 13.62 21.12 17.3 12 16.12 19.38 30.11 11.29 8.35 12.39 18 13.81 12.15 8.91 15.73 15.45 19.75 7.38 17.95 11.36 8.73 24.55 16.35 10.11 19 8.03 15.21 15.99 27.51 24.71 8.79 8.94 6.28 8.55 15.76 6.84 29 11.51 26.49 14.65 
19.07 25.22 25.84 28.76 19.8 8.85 5.52 11.45 7.03 23.86 19.53 26.6 23.35 18.41 37.25 11.16 29.3 21.47 38.59 27.94 0 7.28 27.61 25.94 17.66 13.67 7.99 16.75 14.86 24.32 16.53 22.01 15.73 13.47 7.2 18.39 6.83 15.46 24.2 12.59 10 16.98 20.59 20.14 31.44 29.98 20.89 31.66 29.12 25.22 16.51 17.78 24.31 18.92 17.23 22.37 3.54 15.3 22.96 19.96 22.04 13.62 21.64 27.68 3.44 28.55 24.86 26.45 24.1 15.44 26.06 17.91 16.44 20.07 15.16 
15.62 20.42 18.58 21.51 12.53 6.1 1.78 6.59 7.61 18.71 12.28 21.74 16.21 13.45 31.16 11.71 22.17 14.54 32.6 20.66 7.28 0 20.34 18.74 10.38 7.28 4.49 9.63 11.14 17.44 9.47 20.38 8.45 14.72 5.76 12.17 0.55 10.22 17.9 5.87 4.64 17.31 14.02 12.95 24.91 24.47 14.91 25.08 22.3 19.62 10.65 13.62 17.34 14.09 10.13 15.48 4 9.62 16.31 15.45 15.02 6.85 16.21 24.78 4.18 21.73 18.09 19.42 17.26 9.53 19.08 17.5 9.16 18.19 8.69 
20.75 17.93 3.38 1.5 8.13 21.63 22.09 18.54 25.01 16.09 8.54 18.16 5.08 16.45 17.85 26.53 3.93 7.89 19.5 1.39 27.61 20.34 0 5.01 9.99 15.94 21.74 11.78 19.65 9.15 12.2 26.96 11.92 28.98 22.99 12.6 20.83 16.36 10.67 16.11 18.77 29.08 10.18 8.53 11.09 16.62 12.61 10.87 7.56 14.37 14.5 18.64 8.32 16.8 11.44 7.59 24.18 15.45 8.86 17.8 8.65 15.24 14.74 26.17 24.46 10.11 9.99 4.9 7.25 14.88 5.47 27.93 11.19 25.32 13.89 
22.89 21.42 1.78 6.41 6.4 21.41 20.52 18.63 24.63 19.4 6.54 21.89 7.48 18.45 22.84 26.93 8.94 9.99 24.49 3.98 25.94 18.74 5.01 0 8.76 12.96 19.13 9.22 20.84 4.19 9.5 29.29 10.53 29.66 22.49 14.24 19.15 17.47 14.21 13.58 18.34 30.38 12.37 5.8 15.99 20.99 15.17 15.79 12.38 18.05 15.71 20.53 3.41 18.94 8.76 10.17 22.73 16.37 11.92 20.2 4.48 12.58 17.56 29.49 22.58 5.63 4.98 9.22 10.67 15.74 9.63 29.47 9.97 27.43 14.3 
15.9 16.85 8.3 11.23 2.37 12.67 12.15 10.01 15.87 14.72 2.34 17.78 6.47 11.66 23.55 18.32 12.25 6.13 25.16 10.28 17.66 10.38 9.99 8.76 0 6.81 11.94 3.05 12.91 8.93 3.53 22.23 1.93 21.14 13.73 7.65 10.85 9.69 11.08 6.47 9.58 22.24 7.31 3.52 16.63 18.72 9.87 16.67 13.37 14.35 8.25 13.38 8.46 12.3 3.13 7.04 14.29 8.49 8.68 13.8 6.24 5.81 12.24 23.96 14.47 13 9.9 9.98 8.76 7.86 9.83 21.55 1.24 20.16 6.13 
19.65 22.41 13.34 17.34 7.89 12.49 8.83 11.29 14.74 20.36 7.44 23.52 13.22 16.13 30.33 18.48 18.77 12.84 31.93 15.82 13.67 7.28 15.94 12.96 6.81 0 6.21 4.19 15.62 10.72 3.74 25.42 5.52 21.52 12.72 12.99 7.45 13.24 17.57 1.58 9.76 23.63 13.57 7.46 23.44 25.08 15.67 23.48 20.17 20.45 12.58 17.21 10.8 16.82 4.49 13.78 11.01 12.15 15.3 18.37 8.67 1.2 17.75 28.54 10.24 14.89 11.2 16.74 15.55 11.69 16.62 23.47 6.17 23.22 10 
20.07 24.55 19.39 23.06 13.61 10.49 4.81 11.02 11.36 22.73 13.22 25.83 18.33 17.64 34.47 15.74 24.18 17.23 35.99 21.77 7.99 4.49 21.74 19.13 11.94 6.21 0 10.04 15.6 16.89 9.69 24.85 10.13 18.67 9.86 15.78 4.15 14.42 21.25 5.64 9.06 21.52 17.22 13.49 27.91 28.25 18.59 28.03 24.97 23.41 14.56 18 17 18.31 10.45 18.2 6.32 13.67 19.36 19.73 14.88 6.58 20.16 29.24 4.75 20.98 17.29 21.77 20.03 13.46 21.54 21.84 10.9 22.67 12.29 
18.24 19.77 9.35 13.17 3.71 13.34 11.4 11.2 16.22 17.65 3.26 20.74 9.15 14.2 26.49 19.28 14.59 9.15 28.11 11.73 16.75 9.63 11.78 9.22 3.05 4.19 10.04 0 14.8 7.95 0.49 24.43 2.83 22.23 14.07 10.42 10 11.83 14.13 4.41 10.25 23.75 10.33 3.46 19.51 21.76 12.81 19.53 16.14 17.37 10.65 15.71 7.75 14.87 0.5 10.04 13.63 10.63 11.72 16.4 5.41 3.47 15.12 26.63 13.37 12.24 8.72 12.65 11.72 10.05 12.58 23.27 3.02 22.3 8.24 
4.5 10.44 19.75 20.15 15.02 6.05 11.53 4.62 8.46 9.36 15.17 11.83 14.57 4.24 23.35 7.51 19.39 11.76 24.51 20.63 14.86 11.14 19.65 20.84 12.91 15.62 15.6 14.8 0 21.82 15.04 9.8 12.01 9.47 7.66 7.07 11.56 3.37 11.57 14.11 6.55 9.55 9.62 16.41 18.67 15.57 8.1 19 17.51 11.14 5.19 2.95 21.29 4.5 15.2 12.22 11.93 4.49 11.62 5.19 19.14 14.54 7.64 13.64 13.78 25.75 22.8 16.2 13.27 5.13 15.61 8.68 12.08 7.61 6.77 
24.54 24.15 5.78 10.58 6.84 21.2 19.17 18.82 24.16 22.05 6.65 24.79 10.46 20.16 26.87 27.06 13.06 12.42 28.53 8.18 24.32 17.44 9.15 4.19 8.93 10.72 16.89 7.95 21.82 0 8.02 30.94 10.2 29.95 22.01 15.93 17.76 18.55 17.2 11.74 18.09 31.16 14.6 5.41 19.92 24.42 17.46 19.76 16.28 21 16.98 22.06 0.85 20.74 7.44 12.86 21.41 17.36 14.74 22.14 2.7 10.71 19.92 31.94 20.89 4.29 1.07 12.91 13.79 16.73 13.23 30.48 9.9 28.94 15.05 
18.55 20.19 9.7 13.59 4.16 13.38 11.22 11.34 16.2 18.08 3.7 21.18 9.64 14.55 26.98 19.35 15.05 9.64 28.6 12.12 16.53 9.47 12.2 9.5 3.53 3.74 9.69 0.49 15.04 8.02 0 24.71 3.15 22.32 14.06 10.82 9.82 12.12 14.61 4.08 10.32 23.91 10.79 3.8 20 22.24 13.24 20.02 16.63 17.83 10.99 16.03 7.87 15.23 0.76 10.53 13.46 10.93 12.2 16.77 5.55 3.11 15.54 27 13.13 12.31 8.74 13.14 12.21 10.35 13.07 23.46 3.42 22.56 8.55 
6.42 10.81 27.92 27.04 24.12 14.43 20.32 14.25 15 11.69 24.35 11.65 22.16 10.85 23.92 11.07 25.49 19.4 24.51 28.17 22.01 20.38 26.96 29.29 22.23 25.42 24.85 24.43 9.8 30.94 24.71 0 21.6 9.99 15.49 15.09 20.7 12.61 16.73 23.91 16.06 6.61 17 25.62 21.96 16.04 14.36 22.39 22.42 13.96 13.99 8.88 30.32 10.35 24.8 19.46 20 13.81 18.11 9.17 28.34 24.34 12.28 6.67 22.08 34.59 31.97 22.56 19.77 14.41 21.92 4.86 21.57 2.21 16.21 
15.41 17.19 10.18 13.14 4.15 11.06 10.22 8.63 14.16 15.09 3.99 18.22 8.2 11.4 24.88 16.87 14.07 7.38 26.46 12.2 15.73 8.45 11.92 10.53 1.93 5.52 10.13 2.83 12.01 10.2 3.15 21.6 0 19.76 12.02 7.76 8.92 9 12.04 4.86 7.95 21.09 8.06 4.95 18.06 19.58 10.3 18.14 14.94 15.01 7.84 12.89 9.83 12.08 3.2 8.34 12.37 7.8 9.79 13.62 7.52 4.39 12.52 23.86 12.53 14.4 11.08 11.66 10.14 7.22 11.45 20.54 0.77 19.48 5.41 
10.76 17.81 28.76 29.56 23.46 9.05 13.87 11.15 7.32 17.55 23.49 19.07 23.9 13.43 31.49 3.04 28.86 21.15 32.42 29.89 13.47 14.72 28.98 29.66 21.14 21.52 18.67 22.23 9.47 29.95 22.32 9.99 19.76 0 8.96 16.49 14.82 12.63 20.86 19.95 12.01 3.71 19.07 24.62 27.69 23.4 17.48 28.06 26.87 19.71 14.49 11.45 29.56 13.45 22.71 21.65 12.63 13.54 21.09 13.41 27.27 20.73 16.58 16.57 14.68 34.12 30.84 25.67 22.74 14.13 25.08 5.17 20.08 8.76 15.39 
11.91 18.05 21.95 23.9 16.09 1.73 5.06 4.83 2.15 16.78 15.99 19.43 18.2 11.34 30.43 5.95 23.93 15.86 31.71 23.6 7.2 5.76 22.99 22.49 13.73 12.72 9.86 14.07 7.66 22.01 14.06 15.49 12.02 8.96 0 12.02 5.87 8.61 17.7 11.18 4.22 11.66 14.49 16.95 25.01 22.95 14.24 25.27 23.09 18.27 9.96 10.59 21.75 11.82 14.57 16.65 4.54 8.73 16.85 12.79 19.4 12.04 14.67 20.71 6.59 26.28 22.79 20.86 18.21 9.02 20.38 12.04 12.53 13.4 9.31 
8.68 9.44 12.96 13.09 9.18 10.37 13.45 7.2 13.7 7.37 9.48 10.53 7.53 4.25 19.01 14.25 12.44 4.71 20.44 13.62 18.39 12.17 12.6 14.24 7.65 12.99 15.78 10.42 7.07 15.93 10.82 15.09 7.76 16.49 12.02 0 12.71 3.9 5.82 11.89 8.39 16.49 2.62 10.76 13.07 12.47 2.81 13.3 11.09 7.66 2.13 6.29 15.28 4.8 10.65 5.16 14.9 3.33 4.88 6.23 13.4 11.79 4.77 16.31 16.08 19.5 16.98 9.26 6.39 3 8.7 15.4 7.4 13.19 3.51 
16.05 20.93 19.02 22.01 12.98 6.35 1.41 7.05 7.62 19.23 12.71 22.25 16.73 13.95 31.7 11.82 22.68 15.08 33.15 21.12 6.83 0.55 20.83 19.15 10.85 7.45 4.15 10 11.56 17.76 9.82 20.7 8.92 14.82 5.87 12.71 0 10.72 18.45 6.11 5.1 17.49 14.57 13.35 25.46 25.01 15.45 25.63 22.85 20.15 11.18 14.08 17.67 14.59 10.49 16.02 3.65 10.14 16.86 15.93 15.37 7.11 16.74 25.2 3.66 22.03 18.38 19.95 17.81 10.06 19.62 17.73 9.64 18.52 9.24 
6.46 10.2 16.37 16.93 11.73 6.89 11.11 4.01 10.07 8.56 11.9 11.53 11.28 3.23 21.85 10.35 16.35 8.51 23.16 17.3 15.46 10.22 16.36 17.47 9.69 13.24 14.42 11.83 3.37 18.55 12.12 12.61 9 12.63 8.61 3.9 10.72 0 9.17 11.84 5.74 12.92 6.52 13.16 16.47 14.55 5.66 16.75 14.84 9.77 1.86 3.98 18 3.89 12.19 9.05 12.13 1.21 8.71 5.33 15.89 12.09 6.2 15.32 13.64 22.43 19.55 13.16 10.28 1.83 12.6 12.02 8.97 10.5 3.6 
10.97 7.29 12.52 10.47 11.5 16 19.24 12.91 19.23 5.42 11.97 7.68 6.79 7.43 13.27 19.08 8.77 5.1 14.75 12 24.2 17.9 10.67 14.21 11.08 17.57 21.25 14.13 11.57 17.2 14.61 16.73 12.04 20.86 17.7 5.82 18.45 9.17 0 16.75 14.2 20.01 4.06 13.04 7.31 7.65 3.52 7.59 6.03 3.84 7.75 9.47 16.4 7.45 14.18 4.41 20.71 8.98 2.52 7.91 15.18 16.42 4.55 15.51 21.88 19.83 18.26 5.93 3.55 8.77 5.3 18.56 11.43 15.36 9.22 
18.2 21.24 13.76 17.45 7.98 10.92 7.51 9.74 13.22 19.23 7.58 22.39 12.94 14.8 29.72 16.92 18.68 12.23 31.29 16.12 12.59 5.87 16.11 13.58 6.47 1.58 5.64 4.41 14.11 11.74 4.08 23.91 4.86 19.95 11.18 11.89 6.11 11.84 16.75 0 8.18 22.05 12.71 7.87 22.92 24.16 14.63 22.99 19.78 19.46 11.3 15.8 11.73 15.51 4.83 13.19 9.73 10.79 14.59 17.04 9.48 1.03 16.61 27.16 9.16 15.99 12.31 16.44 15 10.36 16.26 21.9 5.59 21.7 8.73 
11.01 15.91 17.74 19.71 11.95 3.11 5.37 1.96 6.31 14.29 11.88 17.25 14.04 8.92 27.29 9.03 19.84 11.8 28.67 19.38 10 4.64 18.77 18.34 9.58 9.76 9.06 10.25 6.55 18.09 10.32 16.06 7.95 12.01 4.22 8.39 5.1 5.74 14.2 8.18 0 13.88 10.66 12.9 21.45 20.24 10.92 21.67 19.25 15.41 6.53 8.98 17.77 9.54 10.74 12.63 6.53 5.36 13.03 10.85 15.44 8.85 11.89 20.18 7.92 22.33 18.93 16.82 14.28 5.45 16.37 13.73 8.4 13.85 5.28 
9.17 15.8 29.29 29.49 24.45 11.28 16.71 12.58 10.41 15.95 24.55 16.93 24.02 12.8 29.45 5.93 28.46 21.19 30.24 30.11 16.98 17.31 29.08 30.38 22.24 23.63 21.52 23.75 9.55 31.16 23.91 6.61 21.09 3.71 11.66 16.49 17.49 12.92 20.01 22.05 13.88 0 18.93 25.76 26.37 21.37 16.89 26.77 26.03 18.22 14.73 10.62 30.69 12.62 24.2 21.55 15.77 14.01 20.68 12.16 28.47 22.73 15.51 13.28 17.86 35.19 32.11 25.32 22.37 14.64 24.69 1.84 21.29 5.89 16.18 
10.66 9.7 10.93 10.56 8.2 12.87 15.45 9.67 16.24 7.57 8.61 10.53 5.2 6.29 17.25 16.87 9.82 2.4 18.77 11.29 20.59 14.02 10.18 12.37 7.31 13.57 17.22 10.33 9.62 14.6 10.79 17 8.06 19.07 14.49 2.62 14.57 6.52 4.06 12.71 10.66 18.93 0 9.81 10.9 11.52 2.86 11.09 8.61 7.04 4.74 8.47 13.87 6.69 10.45 2.61 17.07 5.91 2.38 7.85 12.26 12.41 5.32 17.34 18.08 17.83 15.66 6.64 3.78 5.5 6.08 17.75 7.5 15.24 5.44 
19.25 19.51 5.9 9.98 1.6 16.01 14.73 13.48 19.1 17.37 1.28 20.3 6.94 14.92 24.43 21.77 11.69 7.96 26.09 8.35 20.14 12.95 8.53 5.8 3.52 7.46 13.49 3.46 16.41 5.41 3.8 25.62 4.95 24.62 16.95 10.76 13.35 13.16 13.04 7.87 12.9 25.76 9.81 0 17.37 20.61 12.6 17.32 13.82 16.65 11.63 16.74 4.95 15.53 3.04 8.65 16.95 11.97 10.52 16.98 2.74 6.91 15.05 26.99 16.79 9.5 6.39 10.25 10.04 11.33 10.32 25.07 4.55 23.59 9.64 
17.21 11.18 14.23 9.98 16.14 23.31 26.35 20.21 26.53 10.46 16.65 10.59 10.46 14.44 7.07 26.16 7.29 10.71 8.73 12.39 31.44 24.91 11.09 15.99 16.63 23.44 27.91 19.51 18.67 19.92 20 21.96 18.06 27.69 25.01 13.07 25.46 16.47 7.31 22.92 21.45 26.37 10.9 17.37 0 7.03 10.81 0.45 3.65 8.16 15.06 16.26 19.07 14.3 19.41 9.74 27.93 16.29 8.61 14.32 18.7 22.39 11.13 18.68 28.98 21.18 20.86 7.17 7.93 16.06 7.05 24.75 17.34 21.09 16.32 
12.66 5.6 19.22 15.87 19.11 21.23 25.57 18.56 24.01 6.21 19.58 4.45 14 11.6 8.1 22.52 13.38 12.73 9.04 18 29.98 24.47 16.62 20.99 18.72 25.08 28.25 21.76 15.57 24.42 22.24 16.04 19.58 23.4 22.95 12.47 25.01 14.55 7.65 24.16 20.24 21.37 11.52 20.61 7.03 0 9.67 7.47 9.39 4.86 13.83 12.69 23.58 11.15 21.82 11.97 26.68 14.91 10.13 10.43 22.61 23.91 8.36 11.85 28.15 26.54 25.45 11.82 10.68 14.95 11.36 19.6 19 15.64 15.96 
8.16 6.98 13.68 12.77 11 12.53 16.12 9.5 15.73 4.84 11.38 7.93 7.84 4.11 16.37 15.6 11.57 5.18 17.76 13.81 20.89 14.91 12.61 15.17 9.87 15.67 18.59 12.81 8.1 17.46 13.24 14.36 10.3 17.48 14.24 2.81 15.45 5.66 3.52 14.63 10.92 16.89 2.86 12.6 10.81 9.67 0 11.09 9.41 4.85 4.39 6.27 16.73 4.29 12.98 5.11 17.45 5.6 3.83 5.2 15.1 14.48 2.46 14.48 18.74 20.67 18.52 8.45 5.53 5.48 7.82 15.56 9.84 12.72 6.3 
17.6 11.62 14.05 9.72 16.12 23.58 26.54 20.47 26.82 10.87 16.63 11.03 10.44 14.78 7.16 26.5 7.03 10.8 8.82 12.15 31.66 25.08 10.87 15.79 16.67 23.48 28.03 19.53 19 19.76 20.02 22.39 18.14 28.06 25.27 13.3 25.63 16.75 7.59 22.99 21.67 26.77 11.09 17.32 0.45 7.47 11.09 0 3.53 8.57 15.31 16.62 18.91 14.65 19.41 9.83 28.14 16.55 8.77 14.7 18.59 22.45 11.49 19.13 29.17 20.94 20.69 7.09 8.01 16.3 7.01 25.15 17.41 21.51 16.52 
16.94 12.08 10.61 6.59 12.66 21.45 23.85 18.26 24.79 10.75 13.17 11.88 7 13.44 10.69 25.01 4 7.78 12.35 8.91 29.12 22.3 7.56 12.38 13.37 20.17 24.97 16.14 17.51 16.28 16.63 22.42 14.94 26.87 23.09 11.09 22.85 14.84 6.03 19.78 19.25 26.03 8.61 13.82 3.65 9.39 9.41 3.53 0 8.55 13.2 15.5 15.42 13.48 16 6.83 25.58 14.42 6.24 13.9 15.06 19.17 10.53 20.17 26.45 17.66 17.22 3.58 5.04 14.07 3.56 24.55 14.19 21.21 13.99 
9.08 3.61 16.36 14.02 15.08 16.55 20.73 13.78 19.47 2.3 15.52 3.85 10.62 6.99 12.22 18.43 12.01 8.71 13.44 15.73 25.22 19.62 14.37 18.05 14.35 20.45 23.41 17.37 11.14 21 17.83 13.96 15.01 19.71 18.27 7.66 20.15 9.77 3.84 19.46 15.41 18.22 7.04 16.65 8.16 4.86 4.85 8.57 8.55 0 8.97 8.43 20.2 6.64 17.48 8.14 21.88 10.06 6.26 6.31 18.9 19.27 3.6 11.86 23.32 23.67 22.06 9.51 7.38 10.09 8.91 16.59 14.49 12.95 11.12 
7.65 10.06 14.57 15.08 10.14 8.28 11.78 5.16 11.59 8.17 10.36 11.29 9.42 3.58 20.76 12.17 14.54 6.66 22.14 15.45 16.51 10.65 14.5 15.71 8.25 12.58 14.56 10.65 5.19 16.98 10.99 13.99 7.84 14.49 9.96 2.13 11.18 1.86 7.75 11.3 6.53 14.73 4.74 11.63 15.06 13.83 4.39 15.31 13.2 8.97 0 5.13 16.39 4.27 10.97 7.22 13.06 1.24 7 5.82 14.35 11.39 5.6 16.06 14.39 20.77 18 11.36 8.51 1.12 10.81 13.76 7.68 11.96 2.58 
2.53 7.49 19.24 18.94 15.23 8.95 14.2 7.03 11.4 6.5 15.47 8.88 13.65 2.2 20.56 10 17.84 10.83 21.68 19.75 17.78 13.62 18.64 20.53 13.38 17.21 18 15.71 2.95 22.06 16.03 8.88 12.89 11.45 10.59 6.29 14.08 3.98 9.47 15.8 8.98 10.62 8.47 16.74 16.26 12.69 6.27 16.62 15.5 8.43 5.13 0 21.44 2.02 16.05 11.06 14.78 5.12 10.07 2.26 19.46 16.06 5.13 11.4 16.55 25.75 23.08 14.7 11.77 5.67 14.08 9.31 12.78 6.91 7.48 
23.91 23.39 4.95 9.76 6.27 20.88 19.08 18.42 23.9 21.29 6.14 24.01 9.64 19.52 26.02 26.69 12.22 11.66 27.68 7.38 24.31 17.34 8.32 3.41 8.46 10.8 17 7.75 21.29 0.85 7.87 30.32 9.83 29.56 21.75 15.28 17.67 18 16.4 11.73 17.77 30.69 13.87 4.95 19.07 23.58 16.73 18.91 15.42 20.2 16.39 21.44 0 20.08 7.25 12.08 21.32 16.82 13.95 21.47 2.35 10.69 19.19 31.21 20.88 4.57 1.87 12.06 12.97 16.18 12.38 29.96 9.48 28.34 14.53 
3.97 6.38 17.58 17.04 13.97 10.11 14.9 7.69 12.87 4.96 14.25 7.73 11.88 0.7 18.86 11.88 15.86 9.08 20.04 17.95 18.92 14.09 16.8 18.94 12.3 16.82 18.31 14.87 4.5 20.74 15.23 10.35 12.08 13.45 11.82 4.8 14.59 3.89 7.45 15.51 9.54 12.62 6.69 15.53 14.3 11.15 4.29 14.65 13.48 6.64 4.27 2.02 20.08 0 15.16 9.22 15.74 4.76 8.12 1.55 18.2 15.64 3.18 11.79 17.38 24.28 21.78 12.74 9.82 5.14 12.11 11.26 11.86 8.55 6.84 
18.58 19.95 8.94 12.85 3.45 13.83 11.89 11.66 16.72 17.82 2.97 20.9 9 14.5 26.41 19.76 14.34 9.16 28.04 11.36 17.23 10.13 11.44 8.76 3.13 4.49 10.45 0.5 15.2 7.44 0.76 24.8 3.2 22.71 14.57 10.65 10.49 12.19 14.18 4.83 10.74 24.2 10.45 3.04 19.41 21.82 12.98 19.41 16 17.48 10.97 16.05 7.25 15.16 0 10.02 14.13 10.99 11.74 16.69 4.9 3.87 15.32 26.9 13.84 11.73 8.22 12.49 11.67 10.4 12.44 23.69 3.3 22.67 8.59 
13.18 11.33 8.61 7.95 7.14 15.1 17.04 11.89 18.5 9.26 7.62 11.93 2.73 8.87 16.55 19.38 7.35 0.97 18.15 8.73 22.37 15.48 7.59 10.17 7.04 13.78 18.2 10.04 12.22 12.86 10.53 19.46 8.34 21.65 16.65 5.16 16.02 9.05 4.41 13.19 12.63 21.55 2.61 8.65 9.74 11.97 5.11 9.83 6.83 8.14 7.22 11.06 12.08 9.22 10.02 0 18.83 8.32 1.89 10.29 10.78 12.7 7.42 19.32 19.63 15.75 13.93 4.22 1.82 7.83 3.74 20.35 7.64 17.76 7.36 
16.32 22.1 22.53 25.3 16.49 5.92 2.24 8.12 5.36 20.63 16.25 23.46 19.84 15.18 33.83 9.85 25.78 17.93 35.19 24.55 3.54 4 24.18 22.73 14.29 11.01 6.32 13.63 11.93 21.41 13.46 20 12.37 12.63 4.54 14.9 3.65 12.13 20.71 9.73 6.53 15.77 17.07 16.95 27.93 26.68 17.45 28.14 25.58 21.88 13.06 14.78 21.32 15.74 14.13 18.83 0 11.88 19.43 16.88 19.01 10.75 18.32 25.23 2.1 25.68 22.02 22.91 20.56 11.98 22.52 16.36 13.05 17.93 11.63 
7.63 10.88 15.32 16.1 10.55 7.05 10.67 3.92 10.37 9.1 10.71 12.16 10.39 4.06 21.95 11.11 15.66 7.69 23.31 16.35 15.3 9.62 15.45 16.37 8.49 12.15 13.67 10.63 4.49 17.36 10.93 13.81 7.8 13.54 8.73 3.33 10.14 1.21 8.98 10.79 5.36 14.01 5.91 11.97 16.29 14.91 5.6 16.55 14.42 10.06 1.24 5.12 16.82 4.76 10.99 8.32 11.88 0 8.21 6.27 14.7 10.99 6.59 16.39 13.26 21.27 18.36 12.5 9.69 0.64 11.96 13.16 7.76 11.7 2.4 
11.99 9.52 10.29 8.95 8.99 15.22 17.78 12.02 18.57 7.49 9.46 10.06 4.44 7.88 15.15 19.01 7.8 2.6 16.71 10.11 22.96 16.31 8.86 11.92 8.68 15.3 19.36 11.72 11.62 14.74 12.2 18.11 9.79 21.09 16.85 4.88 16.86 8.71 2.52 14.59 13.03 20.68 2.38 10.52 8.61 10.13 3.83 8.77 6.24 6.26 7 10.07 13.95 8.12 11.74 1.89 19.43 8.21 0 8.99 12.67 14.18 5.88 17.6 20.4 17.53 15.8 4.64 1.7 7.84 4.02 19.37 9.13 16.53 7.8 
3.06 5.26 18.78 17.94 15.41 11.12 16.17 8.94 13.65 4.27 15.71 6.65 13 2.24 18.35 12.16 16.57 10.25 19.44 19 19.96 15.45 17.8 20.2 13.8 18.37 19.73 16.4 5.19 22.14 16.77 9.17 13.62 13.41 12.79 6.23 15.93 5.33 7.91 17.04 10.85 12.16 7.85 16.98 14.32 10.43 5.2 14.7 13.9 6.31 5.82 2.26 21.47 1.55 16.69 10.29 16.88 6.27 8.99 0 19.63 17.19 3.37 10.24 18.59 25.6 23.19 13.53 10.67 6.68 12.89 10.65 13.39 7.54 8.39 
21.95 21.92 5.4 10.15 4.23 18.55 16.77 16.13 21.55 19.79 4 22.64 8.63 17.6 25.74 24.38 12.31 10.21 27.41 8.03 22.04 15.02 8.65 4.48 6.24 8.67 14.88 5.41 19.14 2.7 5.55 28.34 7.52 27.27 19.4 13.4 15.37 15.89 15.18 9.48 15.44 28.47 12.26 2.74 18.7 22.61 15.1 18.59 15.06 18.9 14.35 19.46 2.35 18.2 4.9 10.78 19.01 14.7 12.67 19.63 0 8.45 17.56 29.55 18.63 6.9 3.66 11.54 11.93 14.07 11.75 27.8 7.2 26.31 12.37 
18.51 21.21 12.81 16.61 7.12 11.69 8.52 10.29 14.12 19.17 6.7 22.32 12.27 14.95 29.25 17.71 17.92 11.75 30.84 15.21 13.62 6.85 15.24 12.58 5.81 1.2 6.58 3.47 14.54 10.71 3.11 24.34 4.39 20.73 12.04 11.79 7.11 12.09 16.42 1.03 8.85 22.73 12.41 6.91 22.39 23.91 14.48 22.45 19.17 19.27 11.39 16.06 10.69 15.64 3.87 12.7 10.75 10.99 14.18 17.19 8.45 0 16.55 27.37 10.19 14.96 11.28 15.78 14.48 10.52 15.64 22.51 5.06 22.15 8.81 
6.42 4.67 16.03 14.76 13.45 12.95 17.24 10.21 15.89 2.62 13.82 5.78 10.15 3.42 15.8 15.06 13.26 7.6 17.04 15.99 21.64 16.21 14.74 17.56 12.24 17.75 20.16 15.12 7.64 19.92 15.54 12.28 12.52 16.58 14.67 4.77 16.74 6.2 4.55 16.61 11.89 15.51 5.32 15.05 11.13 8.36 2.46 11.49 10.53 3.6 5.6 5.13 19.19 3.18 15.32 7.42 18.32 6.59 5.88 3.37 17.56 16.55 0 12.02 19.81 23.1 20.99 10.28 7.5 6.71 9.64 14.02 12.12 10.82 7.98 
9.17 8.25 27.89 25.88 25.39 19.35 25.1 18.22 20.69 10.12 25.73 8.28 22.02 12.47 18.9 17.25 23.83 19.59 19.18 27.51 27.68 24.78 26.17 29.49 23.96 28.54 29.24 26.63 13.64 31.94 27 6.67 23.86 16.57 20.71 16.31 25.2 15.32 15.51 27.16 20.18 13.28 17.34 26.99 18.68 11.85 14.48 19.13 20.17 11.86 16.06 11.4 31.21 11.79 26.9 19.32 25.23 16.39 17.6 10.24 29.55 27.37 12.02 0 27.2 35.07 33 21.35 19.01 16.86 20.74 11.5 23.61 7.91 18.61 
18.22 23.76 22.55 25.65 16.53 7.85 2.64 9.69 7.45 22.2 16.24 25.11 20.39 16.79 35.09 11.94 26.35 18.7 36.5 24.71 3.44 4.18 24.46 22.58 14.47 10.24 4.75 13.37 13.78 20.89 13.13 22.08 12.53 14.68 6.59 16.08 3.66 13.64 21.88 9.16 7.92 17.86 18.08 16.79 28.98 28.15 18.74 29.17 26.45 23.32 14.39 16.55 20.88 17.38 13.84 19.63 2.1 13.26 20.4 18.59 18.63 10.19 19.81 27.2 0 25.11 21.42 23.6 21.41 13.27 23.26 18.47 13.26 19.99 12.68 
28.18 27.04 7.35 11.23 10.75 25.44 23.44 22.98 28.43 25 10.66 27.52 13.09 23.75 27.79 31.26 13.92 15.5 29.42 8.79 28.55 21.73 10.11 5.63 13 14.89 20.98 12.24 25.75 4.29 12.31 34.59 14.4 34.12 26.28 19.5 22.03 22.43 19.83 15.99 22.33 35.19 17.83 9.5 21.18 26.54 20.67 20.94 17.66 23.67 20.77 25.75 4.57 24.28 11.73 15.75 25.68 21.27 17.53 25.6 6.9 14.96 23.1 35.07 25.11 0 3.7 14.72 16.29 20.63 15.18 34.43 14.04 32.66 19.02 
25.57 25.22 6.66 11.39 7.85 22.03 19.79 19.71 24.93 23.12 7.65 25.86 11.51 21.2 27.78 27.92 13.91 13.48 29.43 8.94 24.86 18.09 9.99 4.98 9.9 11.2 17.29 8.72 22.8 1.07 8.74 31.97 11.08 30.84 22.79 16.98 18.38 19.55 18.26 12.31 18.93 32.11 15.66 6.39 20.86 25.45 18.52 20.69 17.22 22.06 18 23.08 1.87 21.78 8.22 13.93 22.02 18.36 15.8 23.19 3.66 11.28 20.99 33 21.42 3.7 0 13.89 14.84 17.72 14.23 31.45 10.82 29.95 16.03 
16.56 13.1 7.44 4.55 9.11 19.32 21.05 16.11 22.72 11.34 9.62 13.28 3.51 12.52 14.24 23.51 3.19 5.02 15.9 6.28 26.45 19.42 4.9 9.22 9.98 16.74 21.77 12.65 16.2 12.91 13.14 22.56 11.66 25.67 20.86 9.26 19.95 13.16 5.93 16.44 16.82 25.32 6.64 10.25 7.17 11.82 8.45 7.09 3.58 9.51 11.36 14.7 12.06 12.74 12.49 4.22 22.91 12.5 4.64 13.53 11.54 15.78 10.28 21.35 23.6 14.72 13.89 0 2.95 12.04 0.64 24 10.9 21.07 11.56 
13.68 10.83 8.98 7.27 8.61 16.61 18.81 13.41 20 8.89 9.11 11.23 3.34 9.58 14.79 20.61 6.12 2.79 16.4 8.55 24.1 17.26 7.25 10.67 8.76 15.55 20.03 11.72 13.27 13.79 12.21 19.77 10.14 22.74 18.21 6.39 17.81 10.28 3.55 15 14.28 22.37 3.78 10.04 7.93 10.68 5.53 8.01 5.04 7.38 8.51 11.77 12.97 9.82 11.67 1.82 20.56 9.69 1.7 10.67 11.93 14.48 7.5 19.01 21.41 16.29 14.84 2.95 0 9.26 2.34 21.07 9.42 18.21 9 
8.19 11.12 14.7 15.55 9.91 7.38 10.66 4.2 10.74 9.27 10.08 12.37 9.83 4.44 21.85 11.66 15.19 7.17 23.24 15.76 15.44 9.53 14.88 15.74 7.86 11.69 13.46 10.05 5.13 16.73 10.35 14.41 7.22 14.13 9.02 3 10.06 1.83 8.77 10.36 5.45 14.64 5.5 11.33 16.06 14.95 5.48 16.3 14.07 10.09 1.12 5.67 16.18 5.14 10.4 7.83 11.98 0.64 7.84 6.68 14.07 10.52 6.71 16.86 13.27 20.63 17.72 12.04 9.26 0 11.51 13.8 7.15 12.32 1.81 
15.92 12.49 7.86 5.18 9.11 18.82 20.69 15.61 22.22 10.71 9.62 12.69 3.45 11.89 14.12 22.94 3.79 4.59 15.77 6.84 26.06 19.08 5.47 9.63 9.83 16.62 21.54 12.58 15.61 13.23 13.07 21.92 11.45 25.08 20.38 8.7 19.62 12.6 5.3 16.26 16.37 24.69 6.08 10.32 7.05 11.36 7.82 7.01 3.56 8.91 10.81 14.08 12.38 12.11 12.44 3.74 22.52 11.96 4.02 12.89 11.75 15.64 9.64 20.74 23.26 15.18 14.23 0.64 2.34 11.51 0 23.37 10.7 20.43 11.1 
7.61 14.05 28.31 28.26 23.7 11.4 17.09 12.23 11.08 14.3 23.83 15.15 22.9 11.51 27.67 6.74 27.12 20.06 28.44 29 17.91 17.5 27.93 29.47 21.55 23.47 21.84 23.27 8.68 30.48 23.46 4.86 20.54 5.17 12.04 15.4 17.73 12.02 18.56 21.9 13.73 1.84 17.75 25.07 24.75 19.6 15.56 25.15 24.55 16.59 13.76 9.31 29.96 11.26 23.69 20.35 16.36 13.16 19.37 10.65 27.8 22.51 14.02 11.5 18.47 34.43 31.45 24 21.07 13.8 23.37 0 20.67 4.05 15.43 
15.31 16.78 9.54 12.4 3.57 11.5 10.92 8.93 14.66 14.66 3.47 17.78 7.44 11.2 24.19 17.22 13.3 6.68 25.78 11.51 16.44 9.16 11.19 9.97 1.24 6.17 10.9 3.02 12.08 9.9 3.42 21.57 0.77 20.08 12.53 7.4 9.64 8.97 11.43 5.59 8.4 21.29 7.5 4.55 17.34 19 9.84 17.41 14.19 14.49 7.68 12.78 9.48 11.86 3.3 7.64 13.05 7.76 9.13 13.39 7.2 5.06 12.12 23.61 13.26 14.04 10.82 10.9 9.42 7.15 10.7 20.67 0 19.46 5.36 
4.58 10.15 26.11 25.48 22.1 12.28 18.17 12.04 13.04 10.65 22.32 11.18 20.43 8.99 23.68 9.36 24.09 17.63 24.41 26.49 20.07 18.19 25.32 27.43 20.16 23.22 22.67 22.3 7.61 28.94 22.56 2.21 19.48 8.76 13.4 13.19 18.52 10.5 15.36 21.7 13.85 5.89 15.24 23.59 21.09 15.64 12.72 21.51 21.21 12.95 11.96 6.91 28.34 8.55 22.67 17.76 17.93 11.7 16.53 7.54 26.31 22.15 10.82 7.91 19.99 32.66 29.95 21.07 18.21 12.32 20.43 4.05 19.46 0 14.1 
10 12.55 13.38 14.69 8.28 7.82 10.04 4.66 11.23 10.59 8.4 13.74 8.95 6.14 22.47 12.75 14.62 6.55 23.92 14.65 15.16 8.69 13.89 14.3 6.13 10 12.29 8.24 6.77 15.05 8.55 16.21 5.41 15.39 9.31 3.51 9.24 3.6 9.22 8.73 5.28 16.18 5.44 9.64 16.32 15.96 6.3 16.52 13.99 11.12 2.58 7.48 14.53 6.84 8.59 7.36 11.63 2.4 7.8 8.39 12.37 8.81 7.98 18.61 12.68 19.02 16.03 11.56 9 1.81 11.1 15.43 5.36 14.1 0 
